Insertion Sort Analyis

--------------------------------- INITIAL ARRAY ---------------------------------

n= 60
input: 
[438, 68, 945, 433, 4, 758, 556, 241, 461, 942, 589, 993, 948, 950, 374, 53, 233, 597, 126, 716, 310, 630, 819, 808, 899, 296, 201, 648, 408, 762, 929, 418, 747, 889, 319, 124, 416, 749, 78, 704, 782, 112, 198, 299, 125, 239, 729, 171, 761, 563, 83, 778, 720, 367, 273, 297, 368, 185, 571, 767]
elapsed times: 
0.00022140000000003823
n= 120
input: 
[580, 646, 833, 160, 648, 695, 193, 829, 395, 671, 904, 176, 629, 262, 727, 526, 19, 223, 215, 330, 905, 631, 521, 30, 756, 683, 632, 346, 950, 268, 743, 975, 59, 82, 721, 958, 777, 983, 996, 811, 233, 647, 13, 957, 427, 791, 8, 764, 838, 45, 492, 907, 46, 101, 220, 557, 23, 363, 495, 288, 619, 909, 667, 997, 264, 976, 127, 733, 750, 465, 351, 961, 856, 192, 628, 937, 530, 50, 343, 817, 279, 191, 823, 536, 696, 291, 204, 863, 121, 181, 315, 150, 670, 912, 499, 120, 589, 170, 544, 643, 613, 6, 625, 308, 881, 713, 143, 488, 468, 33, 478, 797, 805, 779, 734, 843, 394, 725, 739, 966]
elapsed times: 
0.0007544999999999913
n= 240
input: 
[980, 69, 483, 938, 195, 364, 593, 569, 701, 514, 771, 735, 588, 479, 702, 719, 903, 397, 36, 251, 496, 765, 81, 712, 998, 349, 536, 304, 818, 237, 282, 683, 752, 382, 32, 736, 347, 315, 528, 401, 615, 91, 690, 5, 563, 333, 521, 63, 840, 960, 463, 653, 669, 123, 844, 240, 777, 575, 507, 708, 694, 922, 943, 325, 828, 147, 846, 412, 663, 503, 804, 762, 150, 545, 413, 175, 289, 926, 546, 801, 118, 641, 451, 296, 602, 598, 704, 929, 577, 94, 327, 343, 66, 586, 281, 662, 971, 277, 772, 369, 336, 117, 893, 297, 906, 670, 715, 253, 553, 725, 426, 570, 887, 854, 203, 540, 405, 873, 667, 437, 88, 386, 140, 310, 945, 85, 323, 829, 64, 733, 446, 398, 22, 174, 901, 387, 614, 215, 74, 299, 375, 589, 977, 921, 728, 279, 797, 636, 599, 466, 531, 576, 101, 301, 78, 759, 424, 515, 440, 72, 40, 722, 268, 14, 821, 693, 767, 875, 80, 982, 15, 763, 267, 716, 141, 84, 366, 209, 564, 232, 861, 677, 124, 886, 603, 137, 523, 884, 396, 908, 769, 502, 83, 891, 978, 996, 775, 544, 605, 872, 509, 831, 876, 345, 506, 264, 916, 491, 31, 950, 120, 477, 220, 4, 490, 761, 457, 468, 407, 306, 585, 340, 482, 526, 335, 30, 554, 115, 350, 678, 127, 877, 850, 898, 500, 997, 481, 441, 65, 990]
elapsed times: 
0.0030982999999999983
n= 480
input: 
[862, 206, 375, 781, 704, 925, 519, 617, 754, 957, 192, 665, 59, 468, 218, 406, 278, 733, 656, 868, 965, 803, 716, 695, 705, 642, 758, 571, 128, 847, 547, 67, 303, 782, 208, 603, 663, 352, 497, 720, 946, 721, 292, 700, 924, 369, 327, 51, 239, 655, 559, 233, 273, 976, 18, 581, 653, 882, 713, 53, 108, 565, 11, 230, 57, 39, 812, 575, 205, 168, 898, 903, 493, 322, 839, 448, 372, 390, 688, 558, 660, 249, 726, 481, 417, 223, 36, 757, 8, 148, 471, 295, 362, 895, 419, 254, 815, 549, 632, 987, 975, 61, 649, 543, 159, 939, 96, 165, 1000, 259, 913, 958, 950, 970, 588, 447, 58, 427, 300, 988, 851, 512, 22, 106, 989, 305, 679, 19, 763, 870, 75, 912, 879, 526, 125, 134, 760, 766, 357, 951, 725, 853, 993, 99, 72, 811, 831, 494, 764, 338, 398, 289, 917, 877, 195, 804, 347, 52, 624, 931, 212, 691, 749, 580, 631, 778, 130, 418, 517, 697, 820, 286, 236, 416, 141, 9, 540, 216, 918, 312, 492, 982, 153, 746, 466, 761, 739, 865, 255, 670, 137, 158, 881, 573, 325, 262, 382, 562, 809, 583, 740, 787, 102, 889, 73, 7, 719, 823, 668, 154, 37, 651, 722, 659, 179, 82, 65, 356, 245, 199, 667, 646, 689, 891, 114, 948, 433, 596, 934, 981, 381, 180, 100, 226, 238, 915, 119, 745, 284, 401, 23, 211, 677, 584, 444, 422, 601, 845, 336, 576, 635, 87, 548, 291, 523, 883, 834, 949, 531, 142, 589, 167, 800, 841, 169, 955, 486, 351, 707, 521, 625, 669, 767, 816, 738, 678, 274, 420, 921, 708, 585, 639, 376, 850, 942, 404, 80, 857, 514, 45, 396, 266, 896, 916, 533, 518, 459, 97, 26, 182, 458, 685, 885, 146, 783, 570, 282, 832, 68, 78, 227, 253, 301, 542, 759, 66, 737, 442, 269, 432, 194, 690, 395, 304, 60, 275, 536, 568, 30, 501, 742, 126, 973, 467, 28, 477, 40, 524, 340, 681, 930, 42, 748, 410, 450, 103, 101, 460, 835, 457, 21, 774, 637, 453, 345, 795, 629, 88, 261, 188, 170, 391, 718, 348, 858, 446, 875, 247, 593, 276, 244, 157, 94, 84, 294, 797, 762, 197, 302, 209, 550, 805, 544, 409, 118, 611, 768, 572, 911, 693, 605, 311, 329, 664, 892, 452, 914, 228, 994, 730, 473, 200, 874, 370, 876, 854, 231, 510, 927, 906, 586, 220, 683, 753, 938, 70, 470, 977, 552, 680, 299, 12, 76, 265, 136, 210, 644, 451, 511, 341, 29, 151, 172, 614, 250, 710, 83, 176, 92, 574, 166, 164, 901, 869, 923, 285, 350, 436, 488, 62, 241, 196, 723, 619, 590, 144, 856, 365, 779, 5, 69, 20, 132, 213, 999, 855, 807, 657, 686, 866, 810, 636, 736, 802, 6, 825, 411, 184, 744, 251]
elapsed times: 
0.016296899999999948
n= 960
input: 
[316, 378, 7, 698, 67, 402, 390, 24, 373, 368, 154, 142, 310, 589, 547, 74, 900, 226, 177, 149, 864, 893, 859, 786, 342, 677, 10, 198, 731, 647, 66, 829, 684, 8, 4, 918, 672, 389, 511, 372, 409, 771, 891, 615, 774, 866, 741, 750, 148, 264, 112, 984, 335, 27, 489, 256, 701, 439, 878, 247, 610, 397, 903, 176, 882, 357, 591, 751, 192, 413, 950, 208, 799, 906, 121, 359, 743, 996, 244, 461, 860, 401, 480, 760, 927, 51, 734, 384, 57, 451, 513, 623, 890, 396, 273, 783, 827, 268, 583, 459, 910, 416, 674, 806, 887, 995, 89, 567, 613, 428, 794, 449, 220, 976, 600, 997, 125, 791, 639, 26, 522, 50, 594, 671, 277, 883, 842, 223, 233, 823, 587, 993, 380, 601, 22, 289, 696, 828, 738, 211, 720, 363, 201, 371, 106, 873, 138, 156, 285, 152, 434, 15, 73, 933, 414, 115, 516, 457, 642, 435, 327, 237, 303, 534, 569, 374, 123, 844, 776, 171, 181, 519, 872, 114, 46, 904, 792, 619, 62, 169, 987, 252, 54, 344, 34, 761, 649, 53, 25, 574, 563, 634, 481, 61, 635, 227, 653, 499, 130, 713, 263, 850, 529, 796, 676, 831, 768, 464, 573, 571, 631, 697, 23, 476, 313, 551, 654, 71, 575, 503, 811, 118, 483, 383, 892, 617, 934, 732, 79, 881, 680, 538, 436, 990, 846, 103, 400, 767, 670, 65, 437, 143, 561, 338, 187, 259, 290, 63, 758, 869, 961, 582, 520, 491, 514, 287, 360, 942, 137, 6, 361, 730, 340, 75, 210, 232, 164, 458, 658, 963, 422, 989, 948, 899, 35, 60, 719, 408, 85, 76, 851, 395, 1000, 278, 805, 349, 925, 218, 802, 702, 369, 756, 420, 954, 329, 191, 977, 985, 528, 532, 967, 185, 562, 744, 835, 332, 455, 122, 39, 3, 377, 320, 129, 450, 863, 691, 706, 346, 302, 13, 239, 868, 982, 214, 394, 215, 108, 543, 236, 2, 915, 269, 234, 830, 790, 712, 975, 379, 255, 841, 306, 5, 819, 241, 694, 430, 593, 193, 90, 132, 350, 221, 834, 638, 487, 136, 858, 347, 857, 119, 968, 330, 801, 637, 87, 572, 704, 931, 763, 560, 695, 249, 724, 723, 668, 937, 382, 875, 578, 319, 44, 746, 497, 966, 656, 570, 334, 345, 871, 924, 295, 962, 998, 618, 980, 648, 539, 558, 935, 305, 307, 97, 337, 230, 388, 209, 120, 447, 718, 405, 971, 144, 301, 473, 127, 188, 607, 679, 96, 199, 667, 661, 485, 742, 412, 406, 484, 493, 107, 151, 762, 83, 815, 404, 757, 421, 740, 833, 490, 840, 240, 821, 524, 140, 545, 194, 645, 204, 429, 725, 254, 260, 470, 370, 261, 960, 111, 311, 946, 336, 196, 155, 826, 30, 602, 909, 550, 471, 584, 466, 182, 579, 200, 555, 643, 565, 999, 126, 735, 970, 808, 552, 714, 788, 809, 157, 68, 173, 580, 508, 736, 265, 620, 433, 544, 353, 797, 38, 166, 889, 0, 541, 250, 415, 509, 47, 29, 879, 49, 919, 588, 235, 953, 641, 410, 818, 186, 197, 443, 354, 673, 150, 992, 595, 88, 533, 886, 922, 876, 258, 93, 666, 566, 479, 754, 804, 366, 682, 895, 657, 994, 650, 355, 375, 729, 399, 168, 36, 855, 596, 849, 299, 339, 908, 11, 441, 81, 324, 845, 699, 159, 31, 116, 752, 930, 393, 161, 920, 965, 467, 246, 386, 262, 205, 272, 325, 486, 969, 257, 95, 979, 685, 465, 462, 432, 323, 282, 678, 248, 824, 469, 477, 867, 708, 692, 411, 949, 540, 978, 279, 689, 510, 956, 478, 518, 644, 559, 912, 683, 693, 453, 253, 957, 315, 105, 45, 766, 690, 609, 525, 55, 546, 454, 923, 82, 167, 94, 564, 847, 276, 604, 611, 498, 837, 652, 625, 147, 417, 86, 964, 728, 894, 275, 753, 585, 688, 506, 581, 913, 326, 911, 770, 495, 251, 195, 14, 139, 981, 865, 352, 294, 700, 530, 500, 21, 916, 812, 100, 710, 501, 568, 270, 283, 238, 785, 943, 341, 189, 131, 175, 48, 224, 549, 431, 317, 632, 820, 789, 504, 938, 398, 446, 759, 102, 59, 297, 72, 874, 91, 817, 810, 367, 778, 951, 782, 660, 202, 358, 856, 941, 597, 291, 98, 492, 716, 606, 598, 134, 717, 816, 124, 425, 651, 515, 472, 576, 206, 897, 288, 391, 592, 986, 381, 1, 387, 955, 726, 952, 219, 101, 16, 921, 145, 542, 423, 216, 517, 536, 419, 612, 41, 392, 590, 764, 681, 926, 293, 686, 972, 795, 424, 775, 947, 109, 548, 630, 225, 507, 959, 662, 861, 983, 932, 665, 474, 939, 526, 170, 33, 739, 640, 42, 722, 243, 663, 321, 18, 907, 557, 787, 292, 163, 407, 296, 905, 627, 488, 687, 183, 991, 328, 468, 77, 733, 146, 945, 813, 267, 80, 304, 556, 646, 300, 896, 308, 852, 212, 475, 203, 880, 721, 523, 281, 113, 348, 17, 748, 780, 271, 622, 527, 902, 207, 577, 599, 749, 280, 531, 286, 104, 877, 814, 703, 709, 456, 554, 605, 331, 217, 836, 312, 440, 628, 78, 675, 765, 427, 184, 777, 505, 636, 162, 213, 624, 172, 822, 940, 364, 442, 9, 974, 222, 452, 914, 40, 190, 745, 266, 800, 37, 298, 784, 117, 629, 773, 343, 180, 917, 608, 614, 174, 669, 133, 885, 928, 494, 385, 779, 747, 333, 853, 898, 958, 781, 444, 318, 284, 839, 178, 418, 655, 838, 482, 438, 362, 870, 69, 537, 664, 56, 586, 936, 314, 84, 603, 70, 711, 616, 228, 727, 179, 165, 973, 737, 496, 807, 707, 231, 463, 445, 92, 888, 854, 769, 274, 772, 19, 376, 309, 28, 460, 52, 128, 621, 322, 32, 944, 141, 929, 448]
elapsed times: 
0.0645483
--------------------------------- SORTED ARRAY ---------------------------------

n= 60
input: 
[4, 53, 68, 78, 83, 112, 124, 125, 126, 171, 185, 198, 201, 233, 239, 241, 273, 296, 297, 299, 310, 319, 367, 368, 374, 408, 416, 418, 433, 438, 461, 556, 563, 571, 589, 597, 630, 648, 704, 716, 720, 729, 747, 749, 758, 761, 762, 767, 778, 782, 808, 819, 889, 899, 929, 942, 945, 948, 950, 993]
elapsed times: 
3.3300000000013874e-05
n= 120
input: 
[6, 8, 13, 19, 23, 30, 33, 45, 46, 50, 59, 82, 101, 120, 121, 127, 143, 150, 160, 170, 176, 181, 191, 192, 193, 204, 215, 220, 223, 233, 262, 264, 268, 279, 288, 291, 308, 315, 330, 343, 346, 351, 363, 394, 395, 427, 465, 468, 478, 488, 492, 495, 499, 521, 526, 530, 536, 544, 557, 580, 589, 613, 619, 625, 628, 629, 631, 632, 643, 646, 647, 648, 667, 670, 671, 683, 695, 696, 713, 721, 725, 727, 733, 734, 739, 743, 750, 756, 764, 777, 779, 791, 797, 805, 811, 817, 823, 829, 833, 838, 843, 856, 863, 881, 904, 905, 907, 909, 912, 937, 950, 957, 958, 961, 966, 975, 976, 983, 996, 997]
elapsed times: 
6.289999999997686e-05
n= 240
input: 
[4, 5, 14, 15, 22, 30, 31, 32, 36, 40, 63, 64, 65, 66, 69, 72, 74, 78, 80, 81, 83, 84, 85, 88, 91, 94, 101, 115, 117, 118, 120, 123, 124, 127, 137, 140, 141, 147, 150, 174, 175, 195, 203, 209, 215, 220, 232, 237, 240, 251, 253, 264, 267, 268, 277, 279, 281, 282, 289, 296, 297, 299, 301, 304, 306, 310, 315, 323, 325, 327, 333, 335, 336, 340, 343, 345, 347, 349, 350, 364, 366, 369, 375, 382, 386, 387, 396, 397, 398, 401, 405, 407, 412, 413, 424, 426, 437, 440, 441, 446, 451, 457, 463, 466, 468, 477, 479, 481, 482, 483, 490, 491, 496, 500, 502, 503, 506, 507, 509, 514, 515, 521, 523, 526, 528, 531, 536, 540, 544, 545, 546, 553, 554, 563, 564, 569, 570, 575, 576, 577, 585, 586, 588, 589, 593, 598, 599, 602, 603, 605, 614, 615, 636, 641, 653, 662, 663, 667, 669, 670, 677, 678, 683, 690, 693, 694, 701, 702, 704, 708, 712, 715, 716, 719, 722, 725, 728, 733, 735, 736, 752, 759, 761, 762, 763, 765, 767, 769, 771, 772, 775, 777, 797, 801, 804, 818, 821, 828, 829, 831, 840, 844, 846, 850, 854, 861, 872, 873, 875, 876, 877, 884, 886, 887, 891, 893, 898, 901, 903, 906, 908, 916, 921, 922, 926, 929, 938, 943, 945, 950, 960, 971, 977, 978, 980, 982, 990, 996, 997, 998]
elapsed times: 
0.00012439999999991347
n= 480
input: 
[5, 6, 7, 8, 9, 11, 12, 18, 19, 20, 21, 22, 23, 26, 28, 29, 30, 36, 37, 39, 40, 42, 45, 51, 52, 53, 57, 58, 59, 60, 61, 62, 65, 66, 67, 68, 69, 70, 72, 73, 75, 76, 78, 80, 82, 83, 84, 87, 88, 92, 94, 96, 97, 99, 100, 101, 102, 103, 106, 108, 114, 118, 119, 125, 126, 128, 130, 132, 134, 136, 137, 141, 142, 144, 146, 148, 151, 153, 154, 157, 158, 159, 164, 165, 166, 167, 168, 169, 170, 172, 176, 179, 180, 182, 184, 188, 192, 194, 195, 196, 197, 199, 200, 205, 206, 208, 209, 210, 211, 212, 213, 216, 218, 220, 223, 226, 227, 228, 230, 231, 233, 236, 238, 239, 241, 244, 245, 247, 249, 250, 251, 253, 254, 255, 259, 261, 262, 265, 266, 269, 273, 274, 275, 276, 278, 282, 284, 285, 286, 289, 291, 292, 294, 295, 299, 300, 301, 302, 303, 304, 305, 311, 312, 322, 325, 327, 329, 336, 338, 340, 341, 345, 347, 348, 350, 351, 352, 356, 357, 362, 365, 369, 370, 372, 375, 376, 381, 382, 390, 391, 395, 396, 398, 401, 404, 406, 409, 410, 411, 416, 417, 418, 419, 420, 422, 427, 432, 433, 436, 442, 444, 446, 447, 448, 450, 451, 452, 453, 457, 458, 459, 460, 466, 467, 468, 470, 471, 473, 477, 481, 486, 488, 492, 493, 494, 497, 501, 510, 511, 512, 514, 517, 518, 519, 521, 523, 524, 526, 531, 533, 536, 540, 542, 543, 544, 547, 548, 549, 550, 552, 558, 559, 562, 565, 568, 570, 571, 572, 573, 574, 575, 576, 580, 581, 583, 584, 585, 586, 588, 589, 590, 593, 596, 601, 603, 605, 611, 614, 617, 619, 624, 625, 629, 631, 632, 635, 636, 637, 639, 642, 644, 646, 649, 651, 653, 655, 656, 657, 659, 660, 663, 664, 665, 667, 668, 669, 670, 677, 678, 679, 680, 681, 683, 685, 686, 688, 689, 690, 691, 693, 695, 697, 700, 704, 705, 707, 708, 710, 713, 716, 718, 719, 720, 721, 722, 723, 725, 726, 730, 733, 736, 737, 738, 739, 740, 742, 744, 745, 746, 748, 749, 753, 754, 757, 758, 759, 760, 761, 762, 763, 764, 766, 767, 768, 774, 778, 779, 781, 782, 783, 787, 795, 797, 800, 802, 803, 804, 805, 807, 809, 810, 811, 812, 815, 816, 820, 823, 825, 831, 832, 834, 835, 839, 841, 845, 847, 850, 851, 853, 854, 855, 856, 857, 858, 862, 865, 866, 868, 869, 870, 874, 875, 876, 877, 879, 881, 882, 883, 885, 889, 891, 892, 895, 896, 898, 901, 903, 906, 911, 912, 913, 914, 915, 916, 917, 918, 921, 923, 924, 925, 927, 930, 931, 934, 938, 939, 942, 946, 948, 949, 950, 951, 955, 957, 958, 965, 970, 973, 975, 976, 977, 981, 982, 987, 988, 989, 993, 994, 999, 1000]
elapsed times: 
0.00025969999999997384
n= 960
input: 
[0, 1, 2, 3, 4, 5, 6, 7, 8, 9, 10, 11, 13, 14, 15, 16, 17, 18, 19, 21, 22, 23, 24, 25, 26, 27, 28, 29, 30, 31, 32, 33, 34, 35, 36, 37, 38, 39, 40, 41, 42, 44, 45, 46, 47, 48, 49, 50, 51, 52, 53, 54, 55, 56, 57, 59, 60, 61, 62, 63, 65, 66, 67, 68, 69, 70, 71, 72, 73, 74, 75, 76, 77, 78, 79, 80, 81, 82, 83, 84, 85, 86, 87, 88, 89, 90, 91, 92, 93, 94, 95, 96, 97, 98, 100, 101, 102, 103, 104, 105, 106, 107, 108, 109, 111, 112, 113, 114, 115, 116, 117, 118, 119, 120, 121, 122, 123, 124, 125, 126, 127, 128, 129, 130, 131, 132, 133, 134, 136, 137, 138, 139, 140, 141, 142, 143, 144, 145, 146, 147, 148, 149, 150, 151, 152, 154, 155, 156, 157, 159, 161, 162, 163, 164, 165, 166, 167, 168, 169, 170, 171, 172, 173, 174, 175, 176, 177, 178, 179, 180, 181, 182, 183, 184, 185, 186, 187, 188, 189, 190, 191, 192, 193, 194, 195, 196, 197, 198, 199, 200, 201, 202, 203, 204, 205, 206, 207, 208, 209, 210, 211, 212, 213, 214, 215, 216, 217, 218, 219, 220, 221, 222, 223, 224, 225, 226, 227, 228, 230, 231, 232, 233, 234, 235, 236, 237, 238, 239, 240, 241, 243, 244, 246, 247, 248, 249, 250, 251, 252, 253, 254, 255, 256, 257, 258, 259, 260, 261, 262, 263, 264, 265, 266, 267, 268, 269, 270, 271, 272, 273, 274, 275, 276, 277, 278, 279, 280, 281, 282, 283, 284, 285, 286, 287, 288, 289, 290, 291, 292, 293, 294, 295, 296, 297, 298, 299, 300, 301, 302, 303, 304, 305, 306, 307, 308, 309, 310, 311, 312, 313, 314, 315, 316, 317, 318, 319, 320, 321, 322, 323, 324, 325, 326, 327, 328, 329, 330, 331, 332, 333, 334, 335, 336, 337, 338, 339, 340, 341, 342, 343, 344, 345, 346, 347, 348, 349, 350, 352, 353, 354, 355, 357, 358, 359, 360, 361, 362, 363, 364, 366, 367, 368, 369, 370, 371, 372, 373, 374, 375, 376, 377, 378, 379, 380, 381, 382, 383, 384, 385, 386, 387, 388, 389, 390, 391, 392, 393, 394, 395, 396, 397, 398, 399, 400, 401, 402, 404, 405, 406, 407, 408, 409, 410, 411, 412, 413, 414, 415, 416, 417, 418, 419, 420, 421, 422, 423, 424, 425, 427, 428, 429, 430, 431, 432, 433, 434, 435, 436, 437, 438, 439, 440, 441, 442, 443, 444, 445, 446, 447, 448, 449, 450, 451, 452, 453, 454, 455, 456, 457, 458, 459, 460, 461, 462, 463, 464, 465, 466, 467, 468, 469, 470, 471, 472, 473, 474, 475, 476, 477, 478, 479, 480, 481, 482, 483, 484, 485, 486, 487, 488, 489, 490, 491, 492, 493, 494, 495, 496, 497, 498, 499, 500, 501, 503, 504, 505, 506, 507, 508, 509, 510, 511, 513, 514, 515, 516, 517, 518, 519, 520, 522, 523, 524, 525, 526, 527, 528, 529, 530, 531, 532, 533, 534, 536, 537, 538, 539, 540, 541, 542, 543, 544, 545, 546, 547, 548, 549, 550, 551, 552, 554, 555, 556, 557, 558, 559, 560, 561, 562, 563, 564, 565, 566, 567, 568, 569, 570, 571, 572, 573, 574, 575, 576, 577, 578, 579, 580, 581, 582, 583, 584, 585, 586, 587, 588, 589, 590, 591, 592, 593, 594, 595, 596, 597, 598, 599, 600, 601, 602, 603, 604, 605, 606, 607, 608, 609, 610, 611, 612, 613, 614, 615, 616, 617, 618, 619, 620, 621, 622, 623, 624, 625, 627, 628, 629, 630, 631, 632, 634, 635, 636, 637, 638, 639, 640, 641, 642, 643, 644, 645, 646, 647, 648, 649, 650, 651, 652, 653, 654, 655, 656, 657, 658, 660, 661, 662, 663, 664, 665, 666, 667, 668, 669, 670, 671, 672, 673, 674, 675, 676, 677, 678, 679, 680, 681, 682, 683, 684, 685, 686, 687, 688, 689, 690, 691, 692, 693, 694, 695, 696, 697, 698, 699, 700, 701, 702, 703, 704, 706, 707, 708, 709, 710, 711, 712, 713, 714, 716, 717, 718, 719, 720, 721, 722, 723, 724, 725, 726, 727, 728, 729, 730, 731, 732, 733, 734, 735, 736, 737, 738, 739, 740, 741, 742, 743, 744, 745, 746, 747, 748, 749, 750, 751, 752, 753, 754, 756, 757, 758, 759, 760, 761, 762, 763, 764, 765, 766, 767, 768, 769, 770, 771, 772, 773, 774, 775, 776, 777, 778, 779, 780, 781, 782, 783, 784, 785, 786, 787, 788, 789, 790, 791, 792, 794, 795, 796, 797, 799, 800, 801, 802, 804, 805, 806, 807, 808, 809, 810, 811, 812, 813, 814, 815, 816, 817, 818, 819, 820, 821, 822, 823, 824, 826, 827, 828, 829, 830, 831, 833, 834, 835, 836, 837, 838, 839, 840, 841, 842, 844, 845, 846, 847, 849, 850, 851, 852, 853, 854, 855, 856, 857, 858, 859, 860, 861, 863, 864, 865, 866, 867, 868, 869, 870, 871, 872, 873, 874, 875, 876, 877, 878, 879, 880, 881, 882, 883, 885, 886, 887, 888, 889, 890, 891, 892, 893, 894, 895, 896, 897, 898, 899, 900, 902, 903, 904, 905, 906, 907, 908, 909, 910, 911, 912, 913, 914, 915, 916, 917, 918, 919, 920, 921, 922, 923, 924, 925, 926, 927, 928, 929, 930, 931, 932, 933, 934, 935, 936, 937, 938, 939, 940, 941, 942, 943, 944, 945, 946, 947, 948, 949, 950, 951, 952, 953, 954, 955, 956, 957, 958, 959, 960, 961, 962, 963, 964, 965, 966, 967, 968, 969, 970, 971, 972, 973, 974, 975, 976, 977, 978, 979, 980, 981, 982, 983, 984, 985, 986, 987, 989, 990, 991, 992, 993, 994, 995, 996, 997, 998, 999, 1000]
elapsed times: 
0.00022050000000006786
--------------------------------- REVERSED SORTED ARRAY ---------------------------------

n= 60
input: 
[993, 950, 948, 945, 942, 929, 899, 889, 819, 808, 782, 778, 767, 762, 761, 758, 749, 747, 729, 720, 716, 704, 648, 630, 597, 589, 571, 563, 556, 461, 438, 433, 418, 416, 408, 374, 368, 367, 319, 310, 299, 297, 296, 273, 241, 239, 233, 201, 198, 185, 171, 126, 125, 124, 112, 83, 78, 68, 53, 4]
elapsed times: 
0.00038720000000003196
n= 120
input: 
[997, 996, 983, 976, 975, 966, 961, 958, 957, 950, 937, 912, 909, 907, 905, 904, 881, 863, 856, 843, 838, 833, 829, 823, 817, 811, 805, 797, 791, 779, 777, 764, 756, 750, 743, 739, 734, 733, 727, 725, 721, 713, 696, 695, 683, 671, 670, 667, 648, 647, 646, 643, 632, 631, 629, 628, 625, 619, 613, 589, 580, 557, 544, 536, 530, 526, 521, 499, 495, 492, 488, 478, 468, 465, 427, 395, 394, 363, 351, 346, 343, 330, 315, 308, 291, 288, 279, 268, 264, 262, 233, 223, 220, 215, 204, 193, 192, 191, 181, 176, 170, 160, 150, 143, 127, 121, 120, 101, 82, 59, 50, 46, 45, 33, 30, 23, 19, 13, 8, 6]
elapsed times: 
0.0019777999999999185
n= 240
input: 
[998, 997, 996, 990, 982, 980, 978, 977, 971, 960, 950, 945, 943, 938, 929, 926, 922, 921, 916, 908, 906, 903, 901, 898, 893, 891, 887, 886, 884, 877, 876, 875, 873, 872, 861, 854, 850, 846, 844, 840, 831, 829, 828, 821, 818, 804, 801, 797, 777, 775, 772, 771, 769, 767, 765, 763, 762, 761, 759, 752, 736, 735, 733, 728, 725, 722, 719, 716, 715, 712, 708, 704, 702, 701, 694, 693, 690, 683, 678, 677, 670, 669, 667, 663, 662, 653, 641, 636, 615, 614, 605, 603, 602, 599, 598, 593, 589, 588, 586, 585, 577, 576, 575, 570, 569, 564, 563, 554, 553, 546, 545, 544, 540, 536, 531, 528, 526, 523, 521, 515, 514, 509, 507, 506, 503, 502, 500, 496, 491, 490, 483, 482, 481, 479, 477, 468, 466, 463, 457, 451, 446, 441, 440, 437, 426, 424, 413, 412, 407, 405, 401, 398, 397, 396, 387, 386, 382, 375, 369, 366, 364, 350, 349, 347, 345, 343, 340, 336, 335, 333, 327, 325, 323, 315, 310, 306, 304, 301, 299, 297, 296, 289, 282, 281, 279, 277, 268, 267, 264, 253, 251, 240, 237, 232, 220, 215, 209, 203, 195, 175, 174, 150, 147, 141, 140, 137, 127, 124, 123, 120, 118, 117, 115, 101, 94, 91, 88, 85, 84, 83, 81, 80, 78, 74, 72, 69, 66, 65, 64, 63, 40, 36, 32, 31, 30, 22, 15, 14, 5, 4]
elapsed times: 
0.009740699999999936
n= 480
input: 
[1000, 999, 994, 993, 989, 988, 987, 982, 981, 977, 976, 975, 973, 970, 965, 958, 957, 955, 951, 950, 949, 948, 946, 942, 939, 938, 934, 931, 930, 927, 925, 924, 923, 921, 918, 917, 916, 915, 914, 913, 912, 911, 906, 903, 901, 898, 896, 895, 892, 891, 889, 885, 883, 882, 881, 879, 877, 876, 875, 874, 870, 869, 868, 866, 865, 862, 858, 857, 856, 855, 854, 853, 851, 850, 847, 845, 841, 839, 835, 834, 832, 831, 825, 823, 820, 816, 815, 812, 811, 810, 809, 807, 805, 804, 803, 802, 800, 797, 795, 787, 783, 782, 781, 779, 778, 774, 768, 767, 766, 764, 763, 762, 761, 760, 759, 758, 757, 754, 753, 749, 748, 746, 745, 744, 742, 740, 739, 738, 737, 736, 733, 730, 726, 725, 723, 722, 721, 720, 719, 718, 716, 713, 710, 708, 707, 705, 704, 700, 697, 695, 693, 691, 690, 689, 688, 686, 685, 683, 681, 680, 679, 678, 677, 670, 669, 668, 667, 665, 664, 663, 660, 659, 657, 656, 655, 653, 651, 649, 646, 644, 642, 639, 637, 636, 635, 632, 631, 629, 625, 624, 619, 617, 614, 611, 605, 603, 601, 596, 593, 590, 589, 588, 586, 585, 584, 583, 581, 580, 576, 575, 574, 573, 572, 571, 570, 568, 565, 562, 559, 558, 552, 550, 549, 548, 547, 544, 543, 542, 540, 536, 533, 531, 526, 524, 523, 521, 519, 518, 517, 514, 512, 511, 510, 501, 497, 494, 493, 492, 488, 486, 481, 477, 473, 471, 470, 468, 467, 466, 460, 459, 458, 457, 453, 452, 451, 450, 448, 447, 446, 444, 442, 436, 433, 432, 427, 422, 420, 419, 418, 417, 416, 411, 410, 409, 406, 404, 401, 398, 396, 395, 391, 390, 382, 381, 376, 375, 372, 370, 369, 365, 362, 357, 356, 352, 351, 350, 348, 347, 345, 341, 340, 338, 336, 329, 327, 325, 322, 312, 311, 305, 304, 303, 302, 301, 300, 299, 295, 294, 292, 291, 289, 286, 285, 284, 282, 278, 276, 275, 274, 273, 269, 266, 265, 262, 261, 259, 255, 254, 253, 251, 250, 249, 247, 245, 244, 241, 239, 238, 236, 233, 231, 230, 228, 227, 226, 223, 220, 218, 216, 213, 212, 211, 210, 209, 208, 206, 205, 200, 199, 197, 196, 195, 194, 192, 188, 184, 182, 180, 179, 176, 172, 170, 169, 168, 167, 166, 165, 164, 159, 158, 157, 154, 153, 151, 148, 146, 144, 142, 141, 137, 136, 134, 132, 130, 128, 126, 125, 119, 118, 114, 108, 106, 103, 102, 101, 100, 99, 97, 96, 94, 92, 88, 87, 84, 83, 82, 80, 78, 76, 75, 73, 72, 70, 69, 68, 67, 66, 65, 62, 61, 60, 59, 58, 57, 53, 52, 51, 45, 42, 40, 39, 37, 36, 30, 29, 28, 26, 23, 22, 21, 20, 19, 18, 12, 11, 9, 8, 7, 6, 5]
elapsed times: 
0.032158599999999926
n= 960
input: 
[1000, 999, 998, 997, 996, 995, 994, 993, 992, 991, 990, 989, 987, 986, 985, 984, 983, 982, 981, 980, 979, 978, 977, 976, 975, 974, 973, 972, 971, 970, 969, 968, 967, 966, 965, 964, 963, 962, 961, 960, 959, 958, 957, 956, 955, 954, 953, 952, 951, 950, 949, 948, 947, 946, 945, 944, 943, 942, 941, 940, 939, 938, 937, 936, 935, 934, 933, 932, 931, 930, 929, 928, 927, 926, 925, 924, 923, 922, 921, 920, 919, 918, 917, 916, 915, 914, 913, 912, 911, 910, 909, 908, 907, 906, 905, 904, 903, 902, 900, 899, 898, 897, 896, 895, 894, 893, 892, 891, 890, 889, 888, 887, 886, 885, 883, 882, 881, 880, 879, 878, 877, 876, 875, 874, 873, 872, 871, 870, 869, 868, 867, 866, 865, 864, 863, 861, 860, 859, 858, 857, 856, 855, 854, 853, 852, 851, 850, 849, 847, 846, 845, 844, 842, 841, 840, 839, 838, 837, 836, 835, 834, 833, 831, 830, 829, 828, 827, 826, 824, 823, 822, 821, 820, 819, 818, 817, 816, 815, 814, 813, 812, 811, 810, 809, 808, 807, 806, 805, 804, 802, 801, 800, 799, 797, 796, 795, 794, 792, 791, 790, 789, 788, 787, 786, 785, 784, 783, 782, 781, 780, 779, 778, 777, 776, 775, 774, 773, 772, 771, 770, 769, 768, 767, 766, 765, 764, 763, 762, 761, 760, 759, 758, 757, 756, 754, 753, 752, 751, 750, 749, 748, 747, 746, 745, 744, 743, 742, 741, 740, 739, 738, 737, 736, 735, 734, 733, 732, 731, 730, 729, 728, 727, 726, 725, 724, 723, 722, 721, 720, 719, 718, 717, 716, 714, 713, 712, 711, 710, 709, 708, 707, 706, 704, 703, 702, 701, 700, 699, 698, 697, 696, 695, 694, 693, 692, 691, 690, 689, 688, 687, 686, 685, 684, 683, 682, 681, 680, 679, 678, 677, 676, 675, 674, 673, 672, 671, 670, 669, 668, 667, 666, 665, 664, 663, 662, 661, 660, 658, 657, 656, 655, 654, 653, 652, 651, 650, 649, 648, 647, 646, 645, 644, 643, 642, 641, 640, 639, 638, 637, 636, 635, 634, 632, 631, 630, 629, 628, 627, 625, 624, 623, 622, 621, 620, 619, 618, 617, 616, 615, 614, 613, 612, 611, 610, 609, 608, 607, 606, 605, 604, 603, 602, 601, 600, 599, 598, 597, 596, 595, 594, 593, 592, 591, 590, 589, 588, 587, 586, 585, 584, 583, 582, 581, 580, 579, 578, 577, 576, 575, 574, 573, 572, 571, 570, 569, 568, 567, 566, 565, 564, 563, 562, 561, 560, 559, 558, 557, 556, 555, 554, 552, 551, 550, 549, 548, 547, 546, 545, 544, 543, 542, 541, 540, 539, 538, 537, 536, 534, 533, 532, 531, 530, 529, 528, 527, 526, 525, 524, 523, 522, 520, 519, 518, 517, 516, 515, 514, 513, 511, 510, 509, 508, 507, 506, 505, 504, 503, 501, 500, 499, 498, 497, 496, 495, 494, 493, 492, 491, 490, 489, 488, 487, 486, 485, 484, 483, 482, 481, 480, 479, 478, 477, 476, 475, 474, 473, 472, 471, 470, 469, 468, 467, 466, 465, 464, 463, 462, 461, 460, 459, 458, 457, 456, 455, 454, 453, 452, 451, 450, 449, 448, 447, 446, 445, 444, 443, 442, 441, 440, 439, 438, 437, 436, 435, 434, 433, 432, 431, 430, 429, 428, 427, 425, 424, 423, 422, 421, 420, 419, 418, 417, 416, 415, 414, 413, 412, 411, 410, 409, 408, 407, 406, 405, 404, 402, 401, 400, 399, 398, 397, 396, 395, 394, 393, 392, 391, 390, 389, 388, 387, 386, 385, 384, 383, 382, 381, 380, 379, 378, 377, 376, 375, 374, 373, 372, 371, 370, 369, 368, 367, 366, 364, 363, 362, 361, 360, 359, 358, 357, 355, 354, 353, 352, 350, 349, 348, 347, 346, 345, 344, 343, 342, 341, 340, 339, 338, 337, 336, 335, 334, 333, 332, 331, 330, 329, 328, 327, 326, 325, 324, 323, 322, 321, 320, 319, 318, 317, 316, 315, 314, 313, 312, 311, 310, 309, 308, 307, 306, 305, 304, 303, 302, 301, 300, 299, 298, 297, 296, 295, 294, 293, 292, 291, 290, 289, 288, 287, 286, 285, 284, 283, 282, 281, 280, 279, 278, 277, 276, 275, 274, 273, 272, 271, 270, 269, 268, 267, 266, 265, 264, 263, 262, 261, 260, 259, 258, 257, 256, 255, 254, 253, 252, 251, 250, 249, 248, 247, 246, 244, 243, 241, 240, 239, 238, 237, 236, 235, 234, 233, 232, 231, 230, 228, 227, 226, 225, 224, 223, 222, 221, 220, 219, 218, 217, 216, 215, 214, 213, 212, 211, 210, 209, 208, 207, 206, 205, 204, 203, 202, 201, 200, 199, 198, 197, 196, 195, 194, 193, 192, 191, 190, 189, 188, 187, 186, 185, 184, 183, 182, 181, 180, 179, 178, 177, 176, 175, 174, 173, 172, 171, 170, 169, 168, 167, 166, 165, 164, 163, 162, 161, 159, 157, 156, 155, 154, 152, 151, 150, 149, 148, 147, 146, 145, 144, 143, 142, 141, 140, 139, 138, 137, 136, 134, 133, 132, 131, 130, 129, 128, 127, 126, 125, 124, 123, 122, 121, 120, 119, 118, 117, 116, 115, 114, 113, 112, 111, 109, 108, 107, 106, 105, 104, 103, 102, 101, 100, 98, 97, 96, 95, 94, 93, 92, 91, 90, 89, 88, 87, 86, 85, 84, 83, 82, 81, 80, 79, 78, 77, 76, 75, 74, 73, 72, 71, 70, 69, 68, 67, 66, 65, 63, 62, 61, 60, 59, 57, 56, 55, 54, 53, 52, 51, 50, 49, 48, 47, 46, 45, 44, 42, 41, 40, 39, 38, 37, 36, 35, 34, 33, 32, 31, 30, 29, 28, 27, 26, 25, 24, 23, 22, 21, 19, 18, 17, 16, 15, 14, 13, 11, 10, 9, 8, 7, 6, 5, 4, 3, 2, 1, 0]
elapsed times: 
0.2240289000000001
--------------------------------- DUPLICATE ARRAY ---------------------------------

n= 60
input: 
[1, 1, 1, 1, 1, 1, 1, 1, 1, 1, 1, 1, 1, 1, 1, 1, 1, 1, 1, 1, 1, 1, 1, 1, 1, 1, 1, 1, 1, 1, 1, 1, 1, 1, 1, 1, 1, 1, 1, 1, 1, 1, 1, 1, 1, 1, 1, 1, 1, 1, 1, 1, 1, 1, 1, 1, 1, 1, 1, 1]
elapsed times: 
1.3500000000110646e-05
n= 120
input: 
[1, 1, 1, 1, 1, 1, 1, 1, 1, 1, 1, 1, 1, 1, 1, 1, 1, 1, 1, 1, 1, 1, 1, 1, 1, 1, 1, 1, 1, 1, 1, 1, 1, 1, 1, 1, 1, 1, 1, 1, 1, 1, 1, 1, 1, 1, 1, 1, 1, 1, 1, 1, 1, 1, 1, 1, 1, 1, 1, 1, 1, 1, 1, 1, 1, 1, 1, 1, 1, 1, 1, 1, 1, 1, 1, 1, 1, 1, 1, 1, 1, 1, 1, 1, 1, 1, 1, 1, 1, 1, 1, 1, 1, 1, 1, 1, 1, 1, 1, 1, 1, 1, 1, 1, 1, 1, 1, 1, 1, 1, 1, 1, 1, 1, 1, 1, 1, 1, 1, 1]
elapsed times: 
2.4499999999871847e-05
n= 240
input: 
[1, 1, 1, 1, 1, 1, 1, 1, 1, 1, 1, 1, 1, 1, 1, 1, 1, 1, 1, 1, 1, 1, 1, 1, 1, 1, 1, 1, 1, 1, 1, 1, 1, 1, 1, 1, 1, 1, 1, 1, 1, 1, 1, 1, 1, 1, 1, 1, 1, 1, 1, 1, 1, 1, 1, 1, 1, 1, 1, 1, 1, 1, 1, 1, 1, 1, 1, 1, 1, 1, 1, 1, 1, 1, 1, 1, 1, 1, 1, 1, 1, 1, 1, 1, 1, 1, 1, 1, 1, 1, 1, 1, 1, 1, 1, 1, 1, 1, 1, 1, 1, 1, 1, 1, 1, 1, 1, 1, 1, 1, 1, 1, 1, 1, 1, 1, 1, 1, 1, 1, 1, 1, 1, 1, 1, 1, 1, 1, 1, 1, 1, 1, 1, 1, 1, 1, 1, 1, 1, 1, 1, 1, 1, 1, 1, 1, 1, 1, 1, 1, 1, 1, 1, 1, 1, 1, 1, 1, 1, 1, 1, 1, 1, 1, 1, 1, 1, 1, 1, 1, 1, 1, 1, 1, 1, 1, 1, 1, 1, 1, 1, 1, 1, 1, 1, 1, 1, 1, 1, 1, 1, 1, 1, 1, 1, 1, 1, 1, 1, 1, 1, 1, 1, 1, 1, 1, 1, 1, 1, 1, 1, 1, 1, 1, 1, 1, 1, 1, 1, 1, 1, 1, 1, 1, 1, 1, 1, 1, 1, 1, 1, 1, 1, 1, 1, 1, 1, 1, 1, 1]
elapsed times: 
4.819999999994273e-05
n= 480
input: 
[1, 1, 1, 1, 1, 1, 1, 1, 1, 1, 1, 1, 1, 1, 1, 1, 1, 1, 1, 1, 1, 1, 1, 1, 1, 1, 1, 1, 1, 1, 1, 1, 1, 1, 1, 1, 1, 1, 1, 1, 1, 1, 1, 1, 1, 1, 1, 1, 1, 1, 1, 1, 1, 1, 1, 1, 1, 1, 1, 1, 1, 1, 1, 1, 1, 1, 1, 1, 1, 1, 1, 1, 1, 1, 1, 1, 1, 1, 1, 1, 1, 1, 1, 1, 1, 1, 1, 1, 1, 1, 1, 1, 1, 1, 1, 1, 1, 1, 1, 1, 1, 1, 1, 1, 1, 1, 1, 1, 1, 1, 1, 1, 1, 1, 1, 1, 1, 1, 1, 1, 1, 1, 1, 1, 1, 1, 1, 1, 1, 1, 1, 1, 1, 1, 1, 1, 1, 1, 1, 1, 1, 1, 1, 1, 1, 1, 1, 1, 1, 1, 1, 1, 1, 1, 1, 1, 1, 1, 1, 1, 1, 1, 1, 1, 1, 1, 1, 1, 1, 1, 1, 1, 1, 1, 1, 1, 1, 1, 1, 1, 1, 1, 1, 1, 1, 1, 1, 1, 1, 1, 1, 1, 1, 1, 1, 1, 1, 1, 1, 1, 1, 1, 1, 1, 1, 1, 1, 1, 1, 1, 1, 1, 1, 1, 1, 1, 1, 1, 1, 1, 1, 1, 1, 1, 1, 1, 1, 1, 1, 1, 1, 1, 1, 1, 1, 1, 1, 1, 1, 1, 1, 1, 1, 1, 1, 1, 1, 1, 1, 1, 1, 1, 1, 1, 1, 1, 1, 1, 1, 1, 1, 1, 1, 1, 1, 1, 1, 1, 1, 1, 1, 1, 1, 1, 1, 1, 1, 1, 1, 1, 1, 1, 1, 1, 1, 1, 1, 1, 1, 1, 1, 1, 1, 1, 1, 1, 1, 1, 1, 1, 1, 1, 1, 1, 1, 1, 1, 1, 1, 1, 1, 1, 1, 1, 1, 1, 1, 1, 1, 1, 1, 1, 1, 1, 1, 1, 1, 1, 1, 1, 1, 1, 1, 1, 1, 1, 1, 1, 1, 1, 1, 1, 1, 1, 1, 1, 1, 1, 1, 1, 1, 1, 1, 1, 1, 1, 1, 1, 1, 1, 1, 1, 1, 1, 1, 1, 1, 1, 1, 1, 1, 1, 1, 1, 1, 1, 1, 1, 1, 1, 1, 1, 1, 1, 1, 1, 1, 1, 1, 1, 1, 1, 1, 1, 1, 1, 1, 1, 1, 1, 1, 1, 1, 1, 1, 1, 1, 1, 1, 1, 1, 1, 1, 1, 1, 1, 1, 1, 1, 1, 1, 1, 1, 1, 1, 1, 1, 1, 1, 1, 1, 1, 1, 1, 1, 1, 1, 1, 1, 1, 1, 1, 1, 1, 1, 1, 1, 1, 1, 1, 1, 1, 1, 1, 1, 1, 1, 1, 1, 1, 1, 1, 1, 1, 1, 1, 1, 1, 1, 1, 1, 1, 1, 1, 1, 1, 1, 1, 1, 1]
elapsed times: 
0.00013920000000000599
n= 960
input: 
[1, 1, 1, 1, 1, 1, 1, 1, 1, 1, 1, 1, 1, 1, 1, 1, 1, 1, 1, 1, 1, 1, 1, 1, 1, 1, 1, 1, 1, 1, 1, 1, 1, 1, 1, 1, 1, 1, 1, 1, 1, 1, 1, 1, 1, 1, 1, 1, 1, 1, 1, 1, 1, 1, 1, 1, 1, 1, 1, 1, 1, 1, 1, 1, 1, 1, 1, 1, 1, 1, 1, 1, 1, 1, 1, 1, 1, 1, 1, 1, 1, 1, 1, 1, 1, 1, 1, 1, 1, 1, 1, 1, 1, 1, 1, 1, 1, 1, 1, 1, 1, 1, 1, 1, 1, 1, 1, 1, 1, 1, 1, 1, 1, 1, 1, 1, 1, 1, 1, 1, 1, 1, 1, 1, 1, 1, 1, 1, 1, 1, 1, 1, 1, 1, 1, 1, 1, 1, 1, 1, 1, 1, 1, 1, 1, 1, 1, 1, 1, 1, 1, 1, 1, 1, 1, 1, 1, 1, 1, 1, 1, 1, 1, 1, 1, 1, 1, 1, 1, 1, 1, 1, 1, 1, 1, 1, 1, 1, 1, 1, 1, 1, 1, 1, 1, 1, 1, 1, 1, 1, 1, 1, 1, 1, 1, 1, 1, 1, 1, 1, 1, 1, 1, 1, 1, 1, 1, 1, 1, 1, 1, 1, 1, 1, 1, 1, 1, 1, 1, 1, 1, 1, 1, 1, 1, 1, 1, 1, 1, 1, 1, 1, 1, 1, 1, 1, 1, 1, 1, 1, 1, 1, 1, 1, 1, 1, 1, 1, 1, 1, 1, 1, 1, 1, 1, 1, 1, 1, 1, 1, 1, 1, 1, 1, 1, 1, 1, 1, 1, 1, 1, 1, 1, 1, 1, 1, 1, 1, 1, 1, 1, 1, 1, 1, 1, 1, 1, 1, 1, 1, 1, 1, 1, 1, 1, 1, 1, 1, 1, 1, 1, 1, 1, 1, 1, 1, 1, 1, 1, 1, 1, 1, 1, 1, 1, 1, 1, 1, 1, 1, 1, 1, 1, 1, 1, 1, 1, 1, 1, 1, 1, 1, 1, 1, 1, 1, 1, 1, 1, 1, 1, 1, 1, 1, 1, 1, 1, 1, 1, 1, 1, 1, 1, 1, 1, 1, 1, 1, 1, 1, 1, 1, 1, 1, 1, 1, 1, 1, 1, 1, 1, 1, 1, 1, 1, 1, 1, 1, 1, 1, 1, 1, 1, 1, 1, 1, 1, 1, 1, 1, 1, 1, 1, 1, 1, 1, 1, 1, 1, 1, 1, 1, 1, 1, 1, 1, 1, 1, 1, 1, 1, 1, 1, 1, 1, 1, 1, 1, 1, 1, 1, 1, 1, 1, 1, 1, 1, 1, 1, 1, 1, 1, 1, 1, 1, 1, 1, 1, 1, 1, 1, 1, 1, 1, 1, 1, 1, 1, 1, 1, 1, 1, 1, 1, 1, 1, 1, 1, 1, 1, 1, 1, 1, 1, 1, 1, 1, 1, 1, 1, 1, 1, 1, 1, 1, 1, 1, 1, 1, 1, 1, 1, 1, 1, 1, 1, 1, 1, 1, 1, 1, 1, 1, 1, 1, 1, 1, 1, 1, 1, 1, 1, 1, 1, 1, 1, 1, 1, 1, 1, 1, 1, 1, 1, 1, 1, 1, 1, 1, 1, 1, 1, 1, 1, 1, 1, 1, 1, 1, 1, 1, 1, 1, 1, 1, 1, 1, 1, 1, 1, 1, 1, 1, 1, 1, 1, 1, 1, 1, 1, 1, 1, 1, 1, 1, 1, 1, 1, 1, 1, 1, 1, 1, 1, 1, 1, 1, 1, 1, 1, 1, 1, 1, 1, 1, 1, 1, 1, 1, 1, 1, 1, 1, 1, 1, 1, 1, 1, 1, 1, 1, 1, 1, 1, 1, 1, 1, 1, 1, 1, 1, 1, 1, 1, 1, 1, 1, 1, 1, 1, 1, 1, 1, 1, 1, 1, 1, 1, 1, 1, 1, 1, 1, 1, 1, 1, 1, 1, 1, 1, 1, 1, 1, 1, 1, 1, 1, 1, 1, 1, 1, 1, 1, 1, 1, 1, 1, 1, 1, 1, 1, 1, 1, 1, 1, 1, 1, 1, 1, 1, 1, 1, 1, 1, 1, 1, 1, 1, 1, 1, 1, 1, 1, 1, 1, 1, 1, 1, 1, 1, 1, 1, 1, 1, 1, 1, 1, 1, 1, 1, 1, 1, 1, 1, 1, 1, 1, 1, 1, 1, 1, 1, 1, 1, 1, 1, 1, 1, 1, 1, 1, 1, 1, 1, 1, 1, 1, 1, 1, 1, 1, 1, 1, 1, 1, 1, 1, 1, 1, 1, 1, 1, 1, 1, 1, 1, 1, 1, 1, 1, 1, 1, 1, 1, 1, 1, 1, 1, 1, 1, 1, 1, 1, 1, 1, 1, 1, 1, 1, 1, 1, 1, 1, 1, 1, 1, 1, 1, 1, 1, 1, 1, 1, 1, 1, 1, 1, 1, 1, 1, 1, 1, 1, 1, 1, 1, 1, 1, 1, 1, 1, 1, 1, 1, 1, 1, 1, 1, 1, 1, 1, 1, 1, 1, 1, 1, 1, 1, 1, 1, 1, 1, 1, 1, 1, 1, 1, 1, 1, 1, 1, 1, 1, 1, 1, 1, 1, 1, 1, 1, 1, 1, 1, 1, 1, 1, 1, 1, 1, 1, 1, 1, 1, 1, 1, 1, 1, 1, 1, 1, 1, 1, 1, 1, 1, 1, 1, 1, 1, 1, 1, 1, 1, 1, 1, 1, 1, 1, 1, 1, 1, 1, 1, 1, 1, 1, 1, 1, 1, 1, 1, 1, 1, 1, 1, 1, 1, 1, 1, 1, 1, 1, 1, 1, 1, 1, 1, 1, 1, 1, 1, 1, 1, 1, 1, 1, 1, 1, 1, 1, 1, 1, 1, 1, 1, 1, 1, 1, 1, 1, 1, 1, 1, 1, 1, 1, 1, 1, 1, 1, 1, 1, 1, 1, 1, 1, 1, 1, 1, 1, 1, 1, 1, 1, 1, 1, 1, 1, 1, 1, 1, 1, 1, 1, 1, 1, 1, 1, 1, 1]
elapsed times: 
0.00021690000000007537
--------------------------------- AVERAGE ---------------------------------

Average when k:3
elapsed times: 
[0.000193500000000002, 0.0009229399999999722, 0.004910059999999916, 0.022213299999999946, 0.1137002799999999]