Merge Sort Analyis

--------------------------------- INITIAL ARRAY ---------------------------------

n= 60
input: 
[441, 861, 763, 471, 206, 446, 113, 731, 27, 788, 668, 325, 821, 904, 468, 489, 899, 465, 978, 102, 527, 2, 760, 714, 339, 364, 457, 313, 378, 583, 509, 403, 633, 596, 751, 592, 948, 274, 197, 923, 754, 748, 11, 938, 81, 305, 333, 925, 671, 295, 968, 338, 479, 78, 267, 766, 910, 407, 88, 136]
elapsed times: 
0.00017040000000001498
n= 120
input: 
[537, 726, 721, 905, 129, 655, 399, 2, 920, 989, 88, 169, 916, 693, 299, 922, 764, 375, 320, 72, 383, 31, 544, 947, 62, 224, 923, 465, 369, 814, 605, 342, 668, 590, 620, 708, 924, 7, 669, 326, 424, 958, 256, 5, 608, 275, 82, 56, 716, 487, 619, 588, 844, 443, 566, 955, 132, 242, 231, 810, 633, 40, 395, 436, 225, 303, 203, 355, 454, 868, 456, 4, 306, 223, 629, 556, 595, 410, 515, 847, 415, 217, 21, 639, 255, 133, 126, 833, 995, 157, 127, 134, 79, 999, 893, 144, 94, 472, 316, 527, 885, 77, 792, 464, 145, 453, 822, 941, 929, 460, 423, 973, 573, 863, 489, 636, 38, 964, 586, 630]
elapsed times: 
0.0003370000000000317
n= 240
input: 
[869, 265, 574, 666, 852, 61, 585, 630, 159, 309, 833, 608, 980, 141, 156, 646, 688, 372, 731, 643, 59, 893, 58, 715, 534, 80, 102, 428, 436, 500, 377, 787, 827, 798, 973, 785, 420, 657, 804, 2, 461, 3, 829, 433, 14, 910, 214, 229, 894, 36, 47, 340, 931, 982, 294, 273, 691, 222, 899, 327, 960, 168, 874, 945, 609, 491, 279, 660, 263, 494, 245, 230, 951, 938, 21, 649, 663, 770, 738, 150, 368, 78, 315, 560, 579, 187, 651, 766, 994, 218, 954, 765, 737, 203, 178, 486, 603, 674, 686, 288, 46, 996, 369, 669, 276, 17, 424, 888, 38, 629, 541, 934, 439, 850, 416, 76, 434, 440, 873, 648, 391, 820, 526, 566, 854, 814, 111, 244, 673, 208, 322, 211, 535, 195, 772, 840, 147, 43, 677, 697, 351, 16, 431, 161, 281, 652, 82, 71, 735, 310, 992, 977, 452, 180, 201, 924, 976, 35, 445, 676, 815, 89, 224, 148, 637, 758, 530, 325, 610, 747, 803, 133, 722, 714, 172, 721, 44, 335, 761, 647, 200, 822, 507, 463, 690, 350, 447, 810, 739, 271, 70, 682, 113, 613, 628, 712, 157, 955, 564, 34, 63, 653, 471, 311, 708, 165, 946, 963, 370, 776, 575, 237, 18, 194, 10, 99, 254, 117, 41, 907, 492, 694, 972, 67, 96, 358, 73, 419, 675, 301, 839, 523, 251, 166, 460, 367, 5, 860, 650, 896]
elapsed times: 
0.0013817000000000412
n= 480
input: 
[175, 386, 522, 320, 644, 999, 875, 358, 248, 959, 133, 760, 961, 528, 621, 800, 996, 608, 752, 148, 156, 232, 988, 681, 353, 266, 325, 260, 642, 180, 590, 578, 45, 582, 119, 48, 569, 92, 268, 434, 172, 246, 63, 807, 805, 145, 535, 827, 379, 44, 858, 831, 225, 202, 772, 634, 938, 538, 105, 692, 46, 973, 319, 271, 464, 249, 414, 932, 151, 198, 731, 125, 498, 459, 408, 525, 926, 428, 300, 25, 233, 183, 132, 397, 443, 331, 889, 179, 625, 209, 167, 547, 486, 107, 292, 411, 65, 394, 837, 723, 593, 343, 746, 483, 584, 423, 641, 88, 165, 676, 514, 784, 924, 953, 244, 210, 970, 168, 880, 405, 493, 429, 674, 94, 147, 71, 255, 573, 542, 440, 4, 773, 311, 512, 541, 863, 23, 947, 843, 678, 699, 787, 667, 527, 660, 207, 86, 629, 859, 755, 745, 720, 123, 610, 532, 893, 815, 302, 545, 914, 356, 549, 876, 825, 750, 916, 639, 722, 240, 474, 966, 312, 108, 560, 716, 371, 509, 458, 664, 862, 279, 989, 651, 247, 507, 600, 792, 925, 571, 367, 868, 307, 540, 169, 579, 804, 481, 972, 317, 802, 595, 341, 220, 856, 171, 164, 768, 112, 572, 465, 695, 413, 832, 372, 298, 399, 950, 553, 782, 177, 537, 647, 561, 739, 72, 941, 102, 163, 316, 597, 327, 115, 536, 418, 90, 810, 272, 812, 250, 253, 28, 944, 995, 801, 517, 714, 228, 698, 333, 777, 26, 17, 14, 328, 347, 559, 986, 433, 291, 336, 675, 74, 795, 114, 350, 84, 744, 389, 251, 693, 323, 511, 33, 761, 309, 797, 764, 256, 905, 95, 193, 81, 460, 402, 349, 374, 73, 0, 550, 377, 395, 22, 865, 840, 470, 857, 109, 192, 818, 700, 393, 920, 753, 556, 55, 872, 442, 503, 277, 828, 149, 929, 570, 264, 589, 293, 32, 646, 66, 877, 732, 58, 568, 591, 613, 991, 416, 813, 671, 706, 592, 21, 267, 890, 363, 178, 57, 820, 791, 417, 543, 116, 848, 781, 8, 186, 816, 238, 466, 295, 727, 77, 308, 334, 24, 981, 2, 19, 974, 453, 380, 658, 129, 670, 181, 451, 622, 710, 204, 130, 396, 930, 685, 551, 214, 954, 508, 471, 524, 502, 852, 205, 390, 715, 404, 335, 51, 839, 446, 173, 315, 513, 203, 11, 447, 473, 89, 748, 339, 41, 737, 869, 403, 940, 166, 235, 968, 215, 616, 654, 475, 222, 596, 969, 994, 70, 299, 937, 617, 851, 243, 913, 853, 378, 158, 113, 306, 286, 703, 643, 27, 741, 844, 239, 273, 454, 322, 9, 901, 155, 213, 194, 435, 504, 146, 934, 128, 152, 770, 833, 199, 34, 861, 387, 749, 376, 43, 289, 121, 891, 766, 472, 139, 438, 360, 971, 952, 604, 479, 728, 918, 606, 823, 492, 197, 476, 778, 980, 836, 663]
elapsed times: 
0.0020255000000000134
n= 960
input: 
[393, 69, 648, 466, 843, 856, 332, 549, 488, 607, 969, 146, 22, 803, 322, 954, 71, 309, 795, 57, 4, 793, 197, 170, 981, 977, 52, 39, 731, 221, 426, 582, 356, 907, 234, 936, 353, 973, 644, 784, 163, 595, 63, 689, 654, 210, 278, 955, 707, 754, 80, 702, 855, 187, 159, 848, 340, 939, 88, 937, 934, 527, 791, 924, 321, 266, 133, 546, 988, 379, 968, 448, 252, 940, 327, 370, 646, 710, 991, 40, 667, 469, 547, 485, 921, 590, 745, 493, 92, 906, 141, 3, 333, 772, 719, 7, 964, 651, 880, 612, 916, 250, 491, 286, 337, 282, 790, 915, 592, 43, 792, 441, 874, 65, 895, 235, 387, 291, 124, 752, 539, 626, 724, 950, 804, 76, 747, 688, 551, 390, 352, 708, 650, 465, 119, 694, 467, 93, 335, 329, 398, 929, 454, 909, 725, 317, 786, 406, 617, 524, 108, 244, 238, 742, 442, 121, 411, 690, 801, 474, 480, 148, 705, 365, 888, 383, 290, 385, 463, 129, 665, 307, 144, 157, 887, 456, 402, 77, 640, 191, 358, 452, 834, 401, 241, 367, 629, 216, 395, 86, 863, 872, 189, 32, 666, 82, 513, 857, 583, 912, 470, 532, 680, 879, 37, 263, 405, 1000, 869, 200, 714, 959, 195, 777, 116, 901, 294, 618, 348, 911, 576, 255, 966, 105, 165, 861, 695, 297, 73, 634, 510, 218, 123, 798, 376, 656, 572, 473, 859, 658, 280, 781, 131, 668, 42, 800, 720, 267, 716, 726, 852, 967, 776, 864, 74, 26, 679, 245, 932, 982, 203, 324, 381, 35, 892, 371, 102, 229, 580, 962, 613, 830, 363, 182, 594, 529, 989, 477, 289, 28, 304, 127, 739, 675, 315, 993, 389, 271, 756, 206, 41, 889, 209, 10, 500, 768, 219, 550, 72, 486, 251, 90, 767, 346, 429, 308, 526, 578, 225, 692, 978, 894, 775, 208, 503, 867, 729, 788, 518, 25, 548, 428, 409, 728, 462, 944, 935, 30, 624, 573, 736, 98, 785, 938, 534, 188, 903, 771, 61, 809, 192, 700, 284, 85, 460, 415, 173, 117, 820, 905, 306, 281, 487, 273, 635, 224, 886, 432, 709, 630, 540, 149, 287, 604, 410, 627, 147, 167, 104, 636, 893, 190, 970, 226, 563, 896, 11, 717, 713, 34, 125, 137, 538, 920, 553, 447, 871, 961, 841, 826, 570, 706, 435, 502, 758, 261, 446, 661, 817, 256, 240, 875, 980, 846, 683, 516, 318, 585, 484, 575, 419, 990, 459, 475, 584, 904, 150, 508, 198, 316, 957, 556, 960, 519, 99, 378, 701, 230, 685, 914, 873, 574, 642, 523, 619, 276, 614, 649, 160, 844, 494, 29, 262, 83, 749, 999, 168, 115, 545, 349, 87, 891, 821, 824, 531, 827, 106, 611, 175, 807, 639, 735, 610, 558, 2, 662, 380, 769, 48, 605, 207, 812, 285, 19, 328, 166, 963, 591, 763, 951, 339, 155, 298, 338, 727, 764, 396, 995, 257, 113, 17, 360, 780, 6, 416, 883, 438, 641, 366, 314, 481, 691, 561, 559, 427, 766, 522, 140, 918, 233, 593, 423, 923, 439, 196, 75, 949, 597, 761, 120, 310, 860, 449, 770, 985, 507, 514, 269, 581, 354, 748, 331, 983, 345, 567, 242, 712, 762, 5, 404, 878, 623, 9, 600, 681, 849, 359, 535, 734, 305, 461, 154, 246, 66, 222, 854, 386, 833, 311, 537, 986, 509, 496, 103, 400, 118, 544, 101, 96, 56, 95, 270, 114, 122, 293, 375, 645, 697, 831, 673, 135, 97, 247, 815, 455, 633, 922, 686, 490, 579, 212, 362, 684, 444, 818, 757, 682, 172, 130, 941, 211, 46, 847, 382, 805, 711, 528, 323, 741, 853, 876, 721, 437, 947, 819, 794, 443, 414, 517, 45, 498, 347, 796, 647, 180, 765, 213, 420, 902, 674, 194, 678, 638, 504, 898, 326, 179, 652, 943, 782, 440, 223, 214, 169, 301, 740, 91, 589, 302, 599, 176, 81, 231, 737, 138, 364, 744, 430, 919, 128, 259, 205, 637, 392, 330, 499, 13, 813, 478, 417, 79, 828, 774, 51, 0, 489, 407, 760, 112, 577, 450, 89, 215, 248, 562, 320, 368, 152, 587, 357, 670, 62, 16, 928, 336, 204, 965, 186, 704, 369, 696, 773, 20, 476, 31, 243, 520, 458, 699, 55, 897, 565, 759, 971, 984, 557, 49, 672, 899, 94, 136, 501, 342, 36, 569, 397, 987, 620, 232, 84, 789, 952, 299, 799, 806, 601, 913, 787, 588, 217, 361, 220, 344, 177, 24, 300, 930, 622, 643, 451, 27, 541, 107, 399, 598, 492, 181, 288, 927, 412, 109, 533, 413, 325, 671, 512, 511, 832, 355, 615, 303, 738, 851, 808, 560, 616, 722, 693, 53, 822, 33, 1, 797, 497, 628, 659, 132, 453, 676, 835, 823, 908, 521, 237, 732, 468, 479, 422, 134, 47, 483, 164, 283, 350, 254, 162, 274, 313, 171, 495, 975, 811, 60, 277, 753, 862, 457, 948, 992, 751, 664, 110, 942, 783, 153, 425, 606, 199, 866, 603, 58, 925, 877, 253, 881, 608, 464, 275, 434, 946, 974, 373, 677, 743, 810, 778, 755, 703, 54, 746, 723, 67, 295, 185, 953, 816, 68, 631, 997, 543, 184, 956, 64, 44, 156, 14, 374, 334, 660, 272, 183, 825, 900, 552, 193, 836, 319, 236, 505, 239, 602, 829, 655, 18, 15, 890, 609, 715, 837, 566, 882, 403, 840, 38, 433, 669, 202, 142, 292, 506, 424, 228, 249, 750, 571, 126, 472, 12, 917, 70, 260, 525, 972, 718, 632, 870, 100, 733, 408, 555, 391, 515, 996, 377, 8, 421, 845, 931, 698, 50, 482, 814, 858, 431, 838, 21, 621, 384, 885, 868, 596, 445, 884, 111, 343, 388, 201, 945, 227, 178, 151, 471, 842, 436, 850, 926, 530, 536, 568, 312]
elapsed times: 
0.0066517999999999855
--------------------------------- SORTED ARRAY ---------------------------------

n= 60
input: 
[2, 11, 27, 78, 81, 88, 102, 113, 136, 197, 206, 267, 274, 295, 305, 313, 325, 333, 338, 339, 364, 378, 403, 407, 441, 446, 457, 465, 468, 471, 479, 489, 509, 527, 583, 592, 596, 633, 668, 671, 714, 731, 748, 751, 754, 760, 763, 766, 788, 821, 861, 899, 904, 910, 923, 925, 938, 948, 968, 978]
elapsed times: 
0.00037469999999983905
n= 120
input: 
[2, 4, 5, 7, 21, 31, 38, 40, 56, 62, 72, 77, 79, 82, 88, 94, 126, 127, 129, 132, 133, 134, 144, 145, 157, 169, 203, 217, 223, 224, 225, 231, 242, 255, 256, 275, 299, 303, 306, 316, 320, 326, 342, 355, 369, 375, 383, 395, 399, 410, 415, 423, 424, 436, 443, 453, 454, 456, 460, 464, 465, 472, 487, 489, 515, 527, 537, 544, 556, 566, 573, 586, 588, 590, 595, 605, 608, 619, 620, 629, 630, 633, 636, 639, 655, 668, 669, 693, 708, 716, 721, 726, 764, 792, 810, 814, 822, 833, 844, 847, 863, 868, 885, 893, 905, 916, 920, 922, 923, 924, 929, 941, 947, 955, 958, 964, 973, 989, 995, 999]
elapsed times: 
0.0008270999999999695
n= 240
input: 
[2, 3, 5, 10, 14, 16, 17, 18, 21, 34, 35, 36, 38, 41, 43, 44, 46, 47, 58, 59, 61, 63, 67, 70, 71, 73, 76, 78, 80, 82, 89, 96, 99, 102, 111, 113, 117, 133, 141, 147, 148, 150, 156, 157, 159, 161, 165, 166, 168, 172, 178, 180, 187, 194, 195, 200, 201, 203, 208, 211, 214, 218, 222, 224, 229, 230, 237, 244, 245, 251, 254, 263, 265, 271, 273, 276, 279, 281, 288, 294, 301, 309, 310, 311, 315, 322, 325, 327, 335, 340, 350, 351, 358, 367, 368, 369, 370, 372, 377, 391, 416, 419, 420, 424, 428, 431, 433, 434, 436, 439, 440, 445, 447, 452, 460, 461, 463, 471, 486, 491, 492, 494, 500, 507, 523, 526, 530, 534, 535, 541, 560, 564, 566, 574, 575, 579, 585, 603, 608, 609, 610, 613, 628, 629, 630, 637, 643, 646, 647, 648, 649, 650, 651, 652, 653, 657, 660, 663, 666, 669, 673, 674, 675, 676, 677, 682, 686, 688, 690, 691, 694, 697, 708, 712, 714, 715, 721, 722, 731, 735, 737, 738, 739, 747, 758, 761, 765, 766, 770, 772, 776, 785, 787, 798, 803, 804, 810, 814, 815, 820, 822, 827, 829, 833, 839, 840, 850, 852, 854, 860, 869, 873, 874, 888, 893, 894, 896, 899, 907, 910, 924, 931, 934, 938, 945, 946, 951, 954, 955, 960, 963, 972, 973, 976, 977, 980, 982, 992, 994, 996]
elapsed times: 
0.0016970000000000596
n= 480
input: 
[0, 2, 4, 8, 9, 11, 14, 17, 19, 21, 22, 23, 24, 25, 26, 27, 28, 32, 33, 34, 41, 43, 44, 45, 46, 48, 51, 55, 57, 58, 63, 65, 66, 70, 71, 72, 73, 74, 77, 81, 84, 86, 88, 89, 90, 92, 94, 95, 102, 105, 107, 108, 109, 112, 113, 114, 115, 116, 119, 121, 123, 125, 128, 129, 130, 132, 133, 139, 145, 146, 147, 148, 149, 151, 152, 155, 156, 158, 163, 164, 165, 166, 167, 168, 169, 171, 172, 173, 175, 177, 178, 179, 180, 181, 183, 186, 192, 193, 194, 197, 198, 199, 202, 203, 204, 205, 207, 209, 210, 213, 214, 215, 220, 222, 225, 228, 232, 233, 235, 238, 239, 240, 243, 244, 246, 247, 248, 249, 250, 251, 253, 255, 256, 260, 264, 266, 267, 268, 271, 272, 273, 277, 279, 286, 289, 291, 292, 293, 295, 298, 299, 300, 302, 306, 307, 308, 309, 311, 312, 315, 316, 317, 319, 320, 322, 323, 325, 327, 328, 331, 333, 334, 335, 336, 339, 341, 343, 347, 349, 350, 353, 356, 358, 360, 363, 367, 371, 372, 374, 376, 377, 378, 379, 380, 386, 387, 389, 390, 393, 394, 395, 396, 397, 399, 402, 403, 404, 405, 408, 411, 413, 414, 416, 417, 418, 423, 428, 429, 433, 434, 435, 438, 440, 442, 443, 446, 447, 451, 453, 454, 458, 459, 460, 464, 465, 466, 470, 471, 472, 473, 474, 475, 476, 479, 481, 483, 486, 492, 493, 498, 502, 503, 504, 507, 508, 509, 511, 512, 513, 514, 517, 522, 524, 525, 527, 528, 532, 535, 536, 537, 538, 540, 541, 542, 543, 545, 547, 549, 550, 551, 553, 556, 559, 560, 561, 568, 569, 570, 571, 572, 573, 578, 579, 582, 584, 589, 590, 591, 592, 593, 595, 596, 597, 600, 604, 606, 608, 610, 613, 616, 617, 621, 622, 625, 629, 634, 639, 641, 642, 643, 644, 646, 647, 651, 654, 658, 660, 663, 664, 667, 670, 671, 674, 675, 676, 678, 681, 685, 692, 693, 695, 698, 699, 700, 703, 706, 710, 714, 715, 716, 720, 722, 723, 727, 728, 731, 732, 737, 739, 741, 744, 745, 746, 748, 749, 750, 752, 753, 755, 760, 761, 764, 766, 768, 770, 772, 773, 777, 778, 781, 782, 784, 787, 791, 792, 795, 797, 800, 801, 802, 804, 805, 807, 810, 812, 813, 815, 816, 818, 820, 823, 825, 827, 828, 831, 832, 833, 836, 837, 839, 840, 843, 844, 848, 851, 852, 853, 856, 857, 858, 859, 861, 862, 863, 865, 868, 869, 872, 875, 876, 877, 880, 889, 890, 891, 893, 901, 905, 913, 914, 916, 918, 920, 924, 925, 926, 929, 930, 932, 934, 937, 938, 940, 941, 944, 947, 950, 952, 953, 954, 959, 961, 966, 968, 969, 970, 971, 972, 973, 974, 980, 981, 986, 988, 989, 991, 994, 995, 996, 999]
elapsed times: 
0.0016728000000001408
n= 960
input: 
[0, 1, 2, 3, 4, 5, 6, 7, 8, 9, 10, 11, 12, 13, 14, 15, 16, 17, 18, 19, 20, 21, 22, 24, 25, 26, 27, 28, 29, 30, 31, 32, 33, 34, 35, 36, 37, 38, 39, 40, 41, 42, 43, 44, 45, 46, 47, 48, 49, 50, 51, 52, 53, 54, 55, 56, 57, 58, 60, 61, 62, 63, 64, 65, 66, 67, 68, 69, 70, 71, 72, 73, 74, 75, 76, 77, 79, 80, 81, 82, 83, 84, 85, 86, 87, 88, 89, 90, 91, 92, 93, 94, 95, 96, 97, 98, 99, 100, 101, 102, 103, 104, 105, 106, 107, 108, 109, 110, 111, 112, 113, 114, 115, 116, 117, 118, 119, 120, 121, 122, 123, 124, 125, 126, 127, 128, 129, 130, 131, 132, 133, 134, 135, 136, 137, 138, 140, 141, 142, 144, 146, 147, 148, 149, 150, 151, 152, 153, 154, 155, 156, 157, 159, 160, 162, 163, 164, 165, 166, 167, 168, 169, 170, 171, 172, 173, 175, 176, 177, 178, 179, 180, 181, 182, 183, 184, 185, 186, 187, 188, 189, 190, 191, 192, 193, 194, 195, 196, 197, 198, 199, 200, 201, 202, 203, 204, 205, 206, 207, 208, 209, 210, 211, 212, 213, 214, 215, 216, 217, 218, 219, 220, 221, 222, 223, 224, 225, 226, 227, 228, 229, 230, 231, 232, 233, 234, 235, 236, 237, 238, 239, 240, 241, 242, 243, 244, 245, 246, 247, 248, 249, 250, 251, 252, 253, 254, 255, 256, 257, 259, 260, 261, 262, 263, 266, 267, 269, 270, 271, 272, 273, 274, 275, 276, 277, 278, 280, 281, 282, 283, 284, 285, 286, 287, 288, 289, 290, 291, 292, 293, 294, 295, 297, 298, 299, 300, 301, 302, 303, 304, 305, 306, 307, 308, 309, 310, 311, 312, 313, 314, 315, 316, 317, 318, 319, 320, 321, 322, 323, 324, 325, 326, 327, 328, 329, 330, 331, 332, 333, 334, 335, 336, 337, 338, 339, 340, 342, 343, 344, 345, 346, 347, 348, 349, 350, 352, 353, 354, 355, 356, 357, 358, 359, 360, 361, 362, 363, 364, 365, 366, 367, 368, 369, 370, 371, 373, 374, 375, 376, 377, 378, 379, 380, 381, 382, 383, 384, 385, 386, 387, 388, 389, 390, 391, 392, 393, 395, 396, 397, 398, 399, 400, 401, 402, 403, 404, 405, 406, 407, 408, 409, 410, 411, 412, 413, 414, 415, 416, 417, 419, 420, 421, 422, 423, 424, 425, 426, 427, 428, 429, 430, 431, 432, 433, 434, 435, 436, 437, 438, 439, 440, 441, 442, 443, 444, 445, 446, 447, 448, 449, 450, 451, 452, 453, 454, 455, 456, 457, 458, 459, 460, 461, 462, 463, 464, 465, 466, 467, 468, 469, 470, 471, 472, 473, 474, 475, 476, 477, 478, 479, 480, 481, 482, 483, 484, 485, 486, 487, 488, 489, 490, 491, 492, 493, 494, 495, 496, 497, 498, 499, 500, 501, 502, 503, 504, 505, 506, 507, 508, 509, 510, 511, 512, 513, 514, 515, 516, 517, 518, 519, 520, 521, 522, 523, 524, 525, 526, 527, 528, 529, 530, 531, 532, 533, 534, 535, 536, 537, 538, 539, 540, 541, 543, 544, 545, 546, 547, 548, 549, 550, 551, 552, 553, 555, 556, 557, 558, 559, 560, 561, 562, 563, 565, 566, 567, 568, 569, 570, 571, 572, 573, 574, 575, 576, 577, 578, 579, 580, 581, 582, 583, 584, 585, 587, 588, 589, 590, 591, 592, 593, 594, 595, 596, 597, 598, 599, 600, 601, 602, 603, 604, 605, 606, 607, 608, 609, 610, 611, 612, 613, 614, 615, 616, 617, 618, 619, 620, 621, 622, 623, 624, 626, 627, 628, 629, 630, 631, 632, 633, 634, 635, 636, 637, 638, 639, 640, 641, 642, 643, 644, 645, 646, 647, 648, 649, 650, 651, 652, 654, 655, 656, 658, 659, 660, 661, 662, 664, 665, 666, 667, 668, 669, 670, 671, 672, 673, 674, 675, 676, 677, 678, 679, 680, 681, 682, 683, 684, 685, 686, 688, 689, 690, 691, 692, 693, 694, 695, 696, 697, 698, 699, 700, 701, 702, 703, 704, 705, 706, 707, 708, 709, 710, 711, 712, 713, 714, 715, 716, 717, 718, 719, 720, 721, 722, 723, 724, 725, 726, 727, 728, 729, 731, 732, 733, 734, 735, 736, 737, 738, 739, 740, 741, 742, 743, 744, 745, 746, 747, 748, 749, 750, 751, 752, 753, 754, 755, 756, 757, 758, 759, 760, 761, 762, 763, 764, 765, 766, 767, 768, 769, 770, 771, 772, 773, 774, 775, 776, 777, 778, 780, 781, 782, 783, 784, 785, 786, 787, 788, 789, 790, 791, 792, 793, 794, 795, 796, 797, 798, 799, 800, 801, 803, 804, 805, 806, 807, 808, 809, 810, 811, 812, 813, 814, 815, 816, 817, 818, 819, 820, 821, 822, 823, 824, 825, 826, 827, 828, 829, 830, 831, 832, 833, 834, 835, 836, 837, 838, 840, 841, 842, 843, 844, 845, 846, 847, 848, 849, 850, 851, 852, 853, 854, 855, 856, 857, 858, 859, 860, 861, 862, 863, 864, 866, 867, 868, 869, 870, 871, 872, 873, 874, 875, 876, 877, 878, 879, 880, 881, 882, 883, 884, 885, 886, 887, 888, 889, 890, 891, 892, 893, 894, 895, 896, 897, 898, 899, 900, 901, 902, 903, 904, 905, 906, 907, 908, 909, 911, 912, 913, 914, 915, 916, 917, 918, 919, 920, 921, 922, 923, 924, 925, 926, 927, 928, 929, 930, 931, 932, 934, 935, 936, 937, 938, 939, 940, 941, 942, 943, 944, 945, 946, 947, 948, 949, 950, 951, 952, 953, 954, 955, 956, 957, 959, 960, 961, 962, 963, 964, 965, 966, 967, 968, 969, 970, 971, 972, 973, 974, 975, 977, 978, 980, 981, 982, 983, 984, 985, 986, 987, 988, 989, 990, 991, 992, 993, 995, 996, 997, 999, 1000]
elapsed times: 
0.002649700000000088
--------------------------------- REVERSED SORTED ARRAY ---------------------------------

n= 60
input: 
[978, 968, 948, 938, 925, 923, 910, 904, 899, 861, 821, 788, 766, 763, 760, 754, 751, 748, 731, 714, 671, 668, 633, 596, 592, 583, 527, 509, 489, 479, 471, 468, 465, 457, 446, 441, 407, 403, 378, 364, 339, 338, 333, 325, 313, 305, 295, 274, 267, 206, 197, 136, 113, 102, 88, 81, 78, 27, 11, 2]
elapsed times: 
0.0001226999999999201
n= 120
input: 
[999, 995, 989, 973, 964, 958, 955, 947, 941, 929, 924, 923, 922, 920, 916, 905, 893, 885, 868, 863, 847, 844, 833, 822, 814, 810, 792, 764, 726, 721, 716, 708, 693, 669, 668, 655, 639, 636, 633, 630, 629, 620, 619, 608, 605, 595, 590, 588, 586, 573, 566, 556, 544, 537, 527, 515, 489, 487, 472, 465, 464, 460, 456, 454, 453, 443, 436, 424, 423, 415, 410, 399, 395, 383, 375, 369, 355, 342, 326, 320, 316, 306, 303, 299, 275, 256, 255, 242, 231, 225, 224, 223, 217, 203, 169, 157, 145, 144, 134, 133, 132, 129, 127, 126, 94, 88, 82, 79, 77, 72, 62, 56, 40, 38, 31, 21, 7, 5, 4, 2]
elapsed times: 
0.000264000000000042
n= 240
input: 
[996, 994, 992, 982, 980, 977, 976, 973, 972, 963, 960, 955, 954, 951, 946, 945, 938, 934, 931, 924, 910, 907, 899, 896, 894, 893, 888, 874, 873, 869, 860, 854, 852, 850, 840, 839, 833, 829, 827, 822, 820, 815, 814, 810, 804, 803, 798, 787, 785, 776, 772, 770, 766, 765, 761, 758, 747, 739, 738, 737, 735, 731, 722, 721, 715, 714, 712, 708, 697, 694, 691, 690, 688, 686, 682, 677, 676, 675, 674, 673, 669, 666, 663, 660, 657, 653, 652, 651, 650, 649, 648, 647, 646, 643, 637, 630, 629, 628, 613, 610, 609, 608, 603, 585, 579, 575, 574, 566, 564, 560, 541, 535, 534, 530, 526, 523, 507, 500, 494, 492, 491, 486, 471, 463, 461, 460, 452, 447, 445, 440, 439, 436, 434, 433, 431, 428, 424, 420, 419, 416, 391, 377, 372, 370, 369, 368, 367, 358, 351, 350, 340, 335, 327, 325, 322, 315, 311, 310, 309, 301, 294, 288, 281, 279, 276, 273, 271, 265, 263, 254, 251, 245, 244, 237, 230, 229, 224, 222, 218, 214, 211, 208, 203, 201, 200, 195, 194, 187, 180, 178, 172, 168, 166, 165, 161, 159, 157, 156, 150, 148, 147, 141, 133, 117, 113, 111, 102, 99, 96, 89, 82, 80, 78, 76, 73, 71, 70, 67, 63, 61, 59, 58, 47, 46, 44, 43, 41, 38, 36, 35, 34, 21, 18, 17, 16, 14, 10, 5, 3, 2]
elapsed times: 
0.0005709999999998772
n= 480
input: 
[999, 996, 995, 994, 991, 989, 988, 986, 981, 980, 974, 973, 972, 971, 970, 969, 968, 966, 961, 959, 954, 953, 952, 950, 947, 944, 941, 940, 938, 937, 934, 932, 930, 929, 926, 925, 924, 920, 918, 916, 914, 913, 905, 901, 893, 891, 890, 889, 880, 877, 876, 875, 872, 869, 868, 865, 863, 862, 861, 859, 858, 857, 856, 853, 852, 851, 848, 844, 843, 840, 839, 837, 836, 833, 832, 831, 828, 827, 825, 823, 820, 818, 816, 815, 813, 812, 810, 807, 805, 804, 802, 801, 800, 797, 795, 792, 791, 787, 784, 782, 781, 778, 777, 773, 772, 770, 768, 766, 764, 761, 760, 755, 753, 752, 750, 749, 748, 746, 745, 744, 741, 739, 737, 732, 731, 728, 727, 723, 722, 720, 716, 715, 714, 710, 706, 703, 700, 699, 698, 695, 693, 692, 685, 681, 678, 676, 675, 674, 671, 670, 667, 664, 663, 660, 658, 654, 651, 647, 646, 644, 643, 642, 641, 639, 634, 629, 625, 622, 621, 617, 616, 613, 610, 608, 606, 604, 600, 597, 596, 595, 593, 592, 591, 590, 589, 584, 582, 579, 578, 573, 572, 571, 570, 569, 568, 561, 560, 559, 556, 553, 551, 550, 549, 547, 545, 543, 542, 541, 540, 538, 537, 536, 535, 532, 528, 527, 525, 524, 522, 517, 514, 513, 512, 511, 509, 508, 507, 504, 503, 502, 498, 493, 492, 486, 483, 481, 479, 476, 475, 474, 473, 472, 471, 470, 466, 465, 464, 460, 459, 458, 454, 453, 451, 447, 446, 443, 442, 440, 438, 435, 434, 433, 429, 428, 423, 418, 417, 416, 414, 413, 411, 408, 405, 404, 403, 402, 399, 397, 396, 395, 394, 393, 390, 389, 387, 386, 380, 379, 378, 377, 376, 374, 372, 371, 367, 363, 360, 358, 356, 353, 350, 349, 347, 343, 341, 339, 336, 335, 334, 333, 331, 328, 327, 325, 323, 322, 320, 319, 317, 316, 315, 312, 311, 309, 308, 307, 306, 302, 300, 299, 298, 295, 293, 292, 291, 289, 286, 279, 277, 273, 272, 271, 268, 267, 266, 264, 260, 256, 255, 253, 251, 250, 249, 248, 247, 246, 244, 243, 240, 239, 238, 235, 233, 232, 228, 225, 222, 220, 215, 214, 213, 210, 209, 207, 205, 204, 203, 202, 199, 198, 197, 194, 193, 192, 186, 183, 181, 180, 179, 178, 177, 175, 173, 172, 171, 169, 168, 167, 166, 165, 164, 163, 158, 156, 155, 152, 151, 149, 148, 147, 146, 145, 139, 133, 132, 130, 129, 128, 125, 123, 121, 119, 116, 115, 114, 113, 112, 109, 108, 107, 105, 102, 95, 94, 92, 90, 89, 88, 86, 84, 81, 77, 74, 73, 72, 71, 70, 66, 65, 63, 58, 57, 55, 51, 48, 46, 45, 44, 43, 41, 34, 33, 32, 28, 27, 26, 25, 24, 23, 22, 21, 19, 17, 14, 11, 9, 8, 4, 2, 0]
elapsed times: 
0.0012163999999998953
n= 960
input: 
[1000, 999, 997, 996, 995, 993, 992, 991, 990, 989, 988, 987, 986, 985, 984, 983, 982, 981, 980, 978, 977, 975, 974, 973, 972, 971, 970, 969, 968, 967, 966, 965, 964, 963, 962, 961, 960, 959, 957, 956, 955, 954, 953, 952, 951, 950, 949, 948, 947, 946, 945, 944, 943, 942, 941, 940, 939, 938, 937, 936, 935, 934, 932, 931, 930, 929, 928, 927, 926, 925, 924, 923, 922, 921, 920, 919, 918, 917, 916, 915, 914, 913, 912, 911, 909, 908, 907, 906, 905, 904, 903, 902, 901, 900, 899, 898, 897, 896, 895, 894, 893, 892, 891, 890, 889, 888, 887, 886, 885, 884, 883, 882, 881, 880, 879, 878, 877, 876, 875, 874, 873, 872, 871, 870, 869, 868, 867, 866, 864, 863, 862, 861, 860, 859, 858, 857, 856, 855, 854, 853, 852, 851, 850, 849, 848, 847, 846, 845, 844, 843, 842, 841, 840, 838, 837, 836, 835, 834, 833, 832, 831, 830, 829, 828, 827, 826, 825, 824, 823, 822, 821, 820, 819, 818, 817, 816, 815, 814, 813, 812, 811, 810, 809, 808, 807, 806, 805, 804, 803, 801, 800, 799, 798, 797, 796, 795, 794, 793, 792, 791, 790, 789, 788, 787, 786, 785, 784, 783, 782, 781, 780, 778, 777, 776, 775, 774, 773, 772, 771, 770, 769, 768, 767, 766, 765, 764, 763, 762, 761, 760, 759, 758, 757, 756, 755, 754, 753, 752, 751, 750, 749, 748, 747, 746, 745, 744, 743, 742, 741, 740, 739, 738, 737, 736, 735, 734, 733, 732, 731, 729, 728, 727, 726, 725, 724, 723, 722, 721, 720, 719, 718, 717, 716, 715, 714, 713, 712, 711, 710, 709, 708, 707, 706, 705, 704, 703, 702, 701, 700, 699, 698, 697, 696, 695, 694, 693, 692, 691, 690, 689, 688, 686, 685, 684, 683, 682, 681, 680, 679, 678, 677, 676, 675, 674, 673, 672, 671, 670, 669, 668, 667, 666, 665, 664, 662, 661, 660, 659, 658, 656, 655, 654, 652, 651, 650, 649, 648, 647, 646, 645, 644, 643, 642, 641, 640, 639, 638, 637, 636, 635, 634, 633, 632, 631, 630, 629, 628, 627, 626, 624, 623, 622, 621, 620, 619, 618, 617, 616, 615, 614, 613, 612, 611, 610, 609, 608, 607, 606, 605, 604, 603, 602, 601, 600, 599, 598, 597, 596, 595, 594, 593, 592, 591, 590, 589, 588, 587, 585, 584, 583, 582, 581, 580, 579, 578, 577, 576, 575, 574, 573, 572, 571, 570, 569, 568, 567, 566, 565, 563, 562, 561, 560, 559, 558, 557, 556, 555, 553, 552, 551, 550, 549, 548, 547, 546, 545, 544, 543, 541, 540, 539, 538, 537, 536, 535, 534, 533, 532, 531, 530, 529, 528, 527, 526, 525, 524, 523, 522, 521, 520, 519, 518, 517, 516, 515, 514, 513, 512, 511, 510, 509, 508, 507, 506, 505, 504, 503, 502, 501, 500, 499, 498, 497, 496, 495, 494, 493, 492, 491, 490, 489, 488, 487, 486, 485, 484, 483, 482, 481, 480, 479, 478, 477, 476, 475, 474, 473, 472, 471, 470, 469, 468, 467, 466, 465, 464, 463, 462, 461, 460, 459, 458, 457, 456, 455, 454, 453, 452, 451, 450, 449, 448, 447, 446, 445, 444, 443, 442, 441, 440, 439, 438, 437, 436, 435, 434, 433, 432, 431, 430, 429, 428, 427, 426, 425, 424, 423, 422, 421, 420, 419, 417, 416, 415, 414, 413, 412, 411, 410, 409, 408, 407, 406, 405, 404, 403, 402, 401, 400, 399, 398, 397, 396, 395, 393, 392, 391, 390, 389, 388, 387, 386, 385, 384, 383, 382, 381, 380, 379, 378, 377, 376, 375, 374, 373, 371, 370, 369, 368, 367, 366, 365, 364, 363, 362, 361, 360, 359, 358, 357, 356, 355, 354, 353, 352, 350, 349, 348, 347, 346, 345, 344, 343, 342, 340, 339, 338, 337, 336, 335, 334, 333, 332, 331, 330, 329, 328, 327, 326, 325, 324, 323, 322, 321, 320, 319, 318, 317, 316, 315, 314, 313, 312, 311, 310, 309, 308, 307, 306, 305, 304, 303, 302, 301, 300, 299, 298, 297, 295, 294, 293, 292, 291, 290, 289, 288, 287, 286, 285, 284, 283, 282, 281, 280, 278, 277, 276, 275, 274, 273, 272, 271, 270, 269, 267, 266, 263, 262, 261, 260, 259, 257, 256, 255, 254, 253, 252, 251, 250, 249, 248, 247, 246, 245, 244, 243, 242, 241, 240, 239, 238, 237, 236, 235, 234, 233, 232, 231, 230, 229, 228, 227, 226, 225, 224, 223, 222, 221, 220, 219, 218, 217, 216, 215, 214, 213, 212, 211, 210, 209, 208, 207, 206, 205, 204, 203, 202, 201, 200, 199, 198, 197, 196, 195, 194, 193, 192, 191, 190, 189, 188, 187, 186, 185, 184, 183, 182, 181, 180, 179, 178, 177, 176, 175, 173, 172, 171, 170, 169, 168, 167, 166, 165, 164, 163, 162, 160, 159, 157, 156, 155, 154, 153, 152, 151, 150, 149, 148, 147, 146, 144, 142, 141, 140, 138, 137, 136, 135, 134, 133, 132, 131, 130, 129, 128, 127, 126, 125, 124, 123, 122, 121, 120, 119, 118, 117, 116, 115, 114, 113, 112, 111, 110, 109, 108, 107, 106, 105, 104, 103, 102, 101, 100, 99, 98, 97, 96, 95, 94, 93, 92, 91, 90, 89, 88, 87, 86, 85, 84, 83, 82, 81, 80, 79, 77, 76, 75, 74, 73, 72, 71, 70, 69, 68, 67, 66, 65, 64, 63, 62, 61, 60, 58, 57, 56, 55, 54, 53, 52, 51, 50, 49, 48, 47, 46, 45, 44, 43, 42, 41, 40, 39, 38, 37, 36, 35, 34, 33, 32, 31, 30, 29, 28, 27, 26, 25, 24, 22, 21, 20, 19, 18, 17, 16, 15, 14, 13, 12, 11, 10, 9, 8, 7, 6, 5, 4, 3, 2, 1, 0]
elapsed times: 
0.0030535000000000423
--------------------------------- DUPLICATE ARRAY ---------------------------------

n= 60
input: 
[1, 1, 1, 1, 1, 1, 1, 1, 1, 1, 1, 1, 1, 1, 1, 1, 1, 1, 1, 1, 1, 1, 1, 1, 1, 1, 1, 1, 1, 1, 1, 1, 1, 1, 1, 1, 1, 1, 1, 1, 1, 1, 1, 1, 1, 1, 1, 1, 1, 1, 1, 1, 1, 1, 1, 1, 1, 1, 1, 1]
elapsed times: 
0.0002898000000000067
n= 120
input: 
[1, 1, 1, 1, 1, 1, 1, 1, 1, 1, 1, 1, 1, 1, 1, 1, 1, 1, 1, 1, 1, 1, 1, 1, 1, 1, 1, 1, 1, 1, 1, 1, 1, 1, 1, 1, 1, 1, 1, 1, 1, 1, 1, 1, 1, 1, 1, 1, 1, 1, 1, 1, 1, 1, 1, 1, 1, 1, 1, 1, 1, 1, 1, 1, 1, 1, 1, 1, 1, 1, 1, 1, 1, 1, 1, 1, 1, 1, 1, 1, 1, 1, 1, 1, 1, 1, 1, 1, 1, 1, 1, 1, 1, 1, 1, 1, 1, 1, 1, 1, 1, 1, 1, 1, 1, 1, 1, 1, 1, 1, 1, 1, 1, 1, 1, 1, 1, 1, 1, 1]
elapsed times: 
0.0002964999999999218
n= 240
input: 
[1, 1, 1, 1, 1, 1, 1, 1, 1, 1, 1, 1, 1, 1, 1, 1, 1, 1, 1, 1, 1, 1, 1, 1, 1, 1, 1, 1, 1, 1, 1, 1, 1, 1, 1, 1, 1, 1, 1, 1, 1, 1, 1, 1, 1, 1, 1, 1, 1, 1, 1, 1, 1, 1, 1, 1, 1, 1, 1, 1, 1, 1, 1, 1, 1, 1, 1, 1, 1, 1, 1, 1, 1, 1, 1, 1, 1, 1, 1, 1, 1, 1, 1, 1, 1, 1, 1, 1, 1, 1, 1, 1, 1, 1, 1, 1, 1, 1, 1, 1, 1, 1, 1, 1, 1, 1, 1, 1, 1, 1, 1, 1, 1, 1, 1, 1, 1, 1, 1, 1, 1, 1, 1, 1, 1, 1, 1, 1, 1, 1, 1, 1, 1, 1, 1, 1, 1, 1, 1, 1, 1, 1, 1, 1, 1, 1, 1, 1, 1, 1, 1, 1, 1, 1, 1, 1, 1, 1, 1, 1, 1, 1, 1, 1, 1, 1, 1, 1, 1, 1, 1, 1, 1, 1, 1, 1, 1, 1, 1, 1, 1, 1, 1, 1, 1, 1, 1, 1, 1, 1, 1, 1, 1, 1, 1, 1, 1, 1, 1, 1, 1, 1, 1, 1, 1, 1, 1, 1, 1, 1, 1, 1, 1, 1, 1, 1, 1, 1, 1, 1, 1, 1, 1, 1, 1, 1, 1, 1, 1, 1, 1, 1, 1, 1, 1, 1, 1, 1, 1, 1]
elapsed times: 
0.0006032000000000259
n= 480
input: 
[1, 1, 1, 1, 1, 1, 1, 1, 1, 1, 1, 1, 1, 1, 1, 1, 1, 1, 1, 1, 1, 1, 1, 1, 1, 1, 1, 1, 1, 1, 1, 1, 1, 1, 1, 1, 1, 1, 1, 1, 1, 1, 1, 1, 1, 1, 1, 1, 1, 1, 1, 1, 1, 1, 1, 1, 1, 1, 1, 1, 1, 1, 1, 1, 1, 1, 1, 1, 1, 1, 1, 1, 1, 1, 1, 1, 1, 1, 1, 1, 1, 1, 1, 1, 1, 1, 1, 1, 1, 1, 1, 1, 1, 1, 1, 1, 1, 1, 1, 1, 1, 1, 1, 1, 1, 1, 1, 1, 1, 1, 1, 1, 1, 1, 1, 1, 1, 1, 1, 1, 1, 1, 1, 1, 1, 1, 1, 1, 1, 1, 1, 1, 1, 1, 1, 1, 1, 1, 1, 1, 1, 1, 1, 1, 1, 1, 1, 1, 1, 1, 1, 1, 1, 1, 1, 1, 1, 1, 1, 1, 1, 1, 1, 1, 1, 1, 1, 1, 1, 1, 1, 1, 1, 1, 1, 1, 1, 1, 1, 1, 1, 1, 1, 1, 1, 1, 1, 1, 1, 1, 1, 1, 1, 1, 1, 1, 1, 1, 1, 1, 1, 1, 1, 1, 1, 1, 1, 1, 1, 1, 1, 1, 1, 1, 1, 1, 1, 1, 1, 1, 1, 1, 1, 1, 1, 1, 1, 1, 1, 1, 1, 1, 1, 1, 1, 1, 1, 1, 1, 1, 1, 1, 1, 1, 1, 1, 1, 1, 1, 1, 1, 1, 1, 1, 1, 1, 1, 1, 1, 1, 1, 1, 1, 1, 1, 1, 1, 1, 1, 1, 1, 1, 1, 1, 1, 1, 1, 1, 1, 1, 1, 1, 1, 1, 1, 1, 1, 1, 1, 1, 1, 1, 1, 1, 1, 1, 1, 1, 1, 1, 1, 1, 1, 1, 1, 1, 1, 1, 1, 1, 1, 1, 1, 1, 1, 1, 1, 1, 1, 1, 1, 1, 1, 1, 1, 1, 1, 1, 1, 1, 1, 1, 1, 1, 1, 1, 1, 1, 1, 1, 1, 1, 1, 1, 1, 1, 1, 1, 1, 1, 1, 1, 1, 1, 1, 1, 1, 1, 1, 1, 1, 1, 1, 1, 1, 1, 1, 1, 1, 1, 1, 1, 1, 1, 1, 1, 1, 1, 1, 1, 1, 1, 1, 1, 1, 1, 1, 1, 1, 1, 1, 1, 1, 1, 1, 1, 1, 1, 1, 1, 1, 1, 1, 1, 1, 1, 1, 1, 1, 1, 1, 1, 1, 1, 1, 1, 1, 1, 1, 1, 1, 1, 1, 1, 1, 1, 1, 1, 1, 1, 1, 1, 1, 1, 1, 1, 1, 1, 1, 1, 1, 1, 1, 1, 1, 1, 1, 1, 1, 1, 1, 1, 1, 1, 1, 1, 1, 1, 1, 1, 1, 1, 1, 1, 1, 1, 1, 1, 1, 1, 1, 1, 1, 1, 1, 1, 1, 1, 1, 1]
elapsed times: 
0.0012535000000000185
n= 960
input: 
[1, 1, 1, 1, 1, 1, 1, 1, 1, 1, 1, 1, 1, 1, 1, 1, 1, 1, 1, 1, 1, 1, 1, 1, 1, 1, 1, 1, 1, 1, 1, 1, 1, 1, 1, 1, 1, 1, 1, 1, 1, 1, 1, 1, 1, 1, 1, 1, 1, 1, 1, 1, 1, 1, 1, 1, 1, 1, 1, 1, 1, 1, 1, 1, 1, 1, 1, 1, 1, 1, 1, 1, 1, 1, 1, 1, 1, 1, 1, 1, 1, 1, 1, 1, 1, 1, 1, 1, 1, 1, 1, 1, 1, 1, 1, 1, 1, 1, 1, 1, 1, 1, 1, 1, 1, 1, 1, 1, 1, 1, 1, 1, 1, 1, 1, 1, 1, 1, 1, 1, 1, 1, 1, 1, 1, 1, 1, 1, 1, 1, 1, 1, 1, 1, 1, 1, 1, 1, 1, 1, 1, 1, 1, 1, 1, 1, 1, 1, 1, 1, 1, 1, 1, 1, 1, 1, 1, 1, 1, 1, 1, 1, 1, 1, 1, 1, 1, 1, 1, 1, 1, 1, 1, 1, 1, 1, 1, 1, 1, 1, 1, 1, 1, 1, 1, 1, 1, 1, 1, 1, 1, 1, 1, 1, 1, 1, 1, 1, 1, 1, 1, 1, 1, 1, 1, 1, 1, 1, 1, 1, 1, 1, 1, 1, 1, 1, 1, 1, 1, 1, 1, 1, 1, 1, 1, 1, 1, 1, 1, 1, 1, 1, 1, 1, 1, 1, 1, 1, 1, 1, 1, 1, 1, 1, 1, 1, 1, 1, 1, 1, 1, 1, 1, 1, 1, 1, 1, 1, 1, 1, 1, 1, 1, 1, 1, 1, 1, 1, 1, 1, 1, 1, 1, 1, 1, 1, 1, 1, 1, 1, 1, 1, 1, 1, 1, 1, 1, 1, 1, 1, 1, 1, 1, 1, 1, 1, 1, 1, 1, 1, 1, 1, 1, 1, 1, 1, 1, 1, 1, 1, 1, 1, 1, 1, 1, 1, 1, 1, 1, 1, 1, 1, 1, 1, 1, 1, 1, 1, 1, 1, 1, 1, 1, 1, 1, 1, 1, 1, 1, 1, 1, 1, 1, 1, 1, 1, 1, 1, 1, 1, 1, 1, 1, 1, 1, 1, 1, 1, 1, 1, 1, 1, 1, 1, 1, 1, 1, 1, 1, 1, 1, 1, 1, 1, 1, 1, 1, 1, 1, 1, 1, 1, 1, 1, 1, 1, 1, 1, 1, 1, 1, 1, 1, 1, 1, 1, 1, 1, 1, 1, 1, 1, 1, 1, 1, 1, 1, 1, 1, 1, 1, 1, 1, 1, 1, 1, 1, 1, 1, 1, 1, 1, 1, 1, 1, 1, 1, 1, 1, 1, 1, 1, 1, 1, 1, 1, 1, 1, 1, 1, 1, 1, 1, 1, 1, 1, 1, 1, 1, 1, 1, 1, 1, 1, 1, 1, 1, 1, 1, 1, 1, 1, 1, 1, 1, 1, 1, 1, 1, 1, 1, 1, 1, 1, 1, 1, 1, 1, 1, 1, 1, 1, 1, 1, 1, 1, 1, 1, 1, 1, 1, 1, 1, 1, 1, 1, 1, 1, 1, 1, 1, 1, 1, 1, 1, 1, 1, 1, 1, 1, 1, 1, 1, 1, 1, 1, 1, 1, 1, 1, 1, 1, 1, 1, 1, 1, 1, 1, 1, 1, 1, 1, 1, 1, 1, 1, 1, 1, 1, 1, 1, 1, 1, 1, 1, 1, 1, 1, 1, 1, 1, 1, 1, 1, 1, 1, 1, 1, 1, 1, 1, 1, 1, 1, 1, 1, 1, 1, 1, 1, 1, 1, 1, 1, 1, 1, 1, 1, 1, 1, 1, 1, 1, 1, 1, 1, 1, 1, 1, 1, 1, 1, 1, 1, 1, 1, 1, 1, 1, 1, 1, 1, 1, 1, 1, 1, 1, 1, 1, 1, 1, 1, 1, 1, 1, 1, 1, 1, 1, 1, 1, 1, 1, 1, 1, 1, 1, 1, 1, 1, 1, 1, 1, 1, 1, 1, 1, 1, 1, 1, 1, 1, 1, 1, 1, 1, 1, 1, 1, 1, 1, 1, 1, 1, 1, 1, 1, 1, 1, 1, 1, 1, 1, 1, 1, 1, 1, 1, 1, 1, 1, 1, 1, 1, 1, 1, 1, 1, 1, 1, 1, 1, 1, 1, 1, 1, 1, 1, 1, 1, 1, 1, 1, 1, 1, 1, 1, 1, 1, 1, 1, 1, 1, 1, 1, 1, 1, 1, 1, 1, 1, 1, 1, 1, 1, 1, 1, 1, 1, 1, 1, 1, 1, 1, 1, 1, 1, 1, 1, 1, 1, 1, 1, 1, 1, 1, 1, 1, 1, 1, 1, 1, 1, 1, 1, 1, 1, 1, 1, 1, 1, 1, 1, 1, 1, 1, 1, 1, 1, 1, 1, 1, 1, 1, 1, 1, 1, 1, 1, 1, 1, 1, 1, 1, 1, 1, 1, 1, 1, 1, 1, 1, 1, 1, 1, 1, 1, 1, 1, 1, 1, 1, 1, 1, 1, 1, 1, 1, 1, 1, 1, 1, 1, 1, 1, 1, 1, 1, 1, 1, 1, 1, 1, 1, 1, 1, 1, 1, 1, 1, 1, 1, 1, 1, 1, 1, 1, 1, 1, 1, 1, 1, 1, 1, 1, 1, 1, 1, 1, 1, 1, 1, 1, 1, 1, 1, 1, 1, 1, 1, 1, 1, 1, 1, 1, 1, 1, 1, 1, 1, 1, 1, 1, 1, 1, 1, 1, 1, 1, 1, 1, 1, 1, 1, 1, 1, 1, 1, 1, 1, 1, 1, 1, 1, 1, 1, 1, 1, 1, 1, 1, 1, 1, 1, 1, 1, 1, 1, 1, 1, 1, 1, 1, 1, 1, 1, 1, 1, 1, 1, 1, 1, 1, 1, 1, 1, 1, 1, 1, 1, 1, 1, 1, 1, 1, 1, 1, 1, 1, 1, 1, 1, 1, 1, 1, 1, 1, 1, 1, 1, 1, 1, 1, 1, 1, 1, 1, 1, 1, 1, 1, 1, 1, 1, 1, 1, 1, 1, 1, 1]
elapsed times: 
0.0027656000000000347
--------------------------------- AVERAGE ---------------------------------

Average when k:3
elapsed times: 
[0.00023570000000003866, 0.0009599599999999597, 0.0019347199999999898, 0.004662739999999976, 0.008284179999999974]