partialSelectionSort anaylsis

--------------------------------- INITIAL ARRAY ---------------------------------

n= 60
input: 
[378, 11, 668, 748, 861, 313, 978, 339, 403, 788, 904, 760, 113, 633, 583, 441, 325, 364, 938, 899, 267, 766, 88, 305, 910, 489, 754, 592, 27, 751, 968, 527, 596, 274, 446, 102, 479, 338, 197, 407, 923, 821, 333, 925, 509, 671, 763, 731, 295, 471, 136, 457, 78, 468, 2, 948, 206, 81, 714, 465]
k= 1
elapsed times: 
1.7399999999945237e-05
k= 3
elapsed times: 
5.0300000000280676e-05
k= 30
elapsed times: 
0.0008497000000002863
k= 60
elapsed times: 
0.0013569999999996085
n= 120
input: 
[316, 133, 639, 88, 619, 955, 399, 472, 129, 326, 132, 556, 464, 726, 369, 605, 537, 885, 454, 833, 916, 306, 989, 303, 527, 844, 868, 31, 716, 487, 693, 383, 669, 225, 126, 958, 566, 144, 822, 2, 157, 415, 721, 82, 655, 203, 810, 256, 922, 489, 275, 633, 999, 77, 242, 436, 79, 920, 964, 814, 923, 708, 217, 636, 423, 40, 21, 630, 456, 595, 134, 62, 231, 255, 995, 924, 342, 544, 94, 424, 7, 515, 863, 620, 72, 941, 764, 792, 893, 410, 395, 355, 460, 169, 629, 224, 608, 127, 375, 4, 443, 145, 586, 668, 56, 38, 973, 947, 223, 299, 453, 320, 573, 847, 588, 5, 929, 590, 905, 465]
k= 1
elapsed times: 
4.110000000023817e-05
k= 3
elapsed times: 
0.00011810000000034293
k= 60
elapsed times: 
0.0037978999999999097
k= 120
elapsed times: 
0.005174199999999907
n= 240
input: 
[931, 507, 230, 500, 358, 180, 647, 852, 200, 697, 657, 310, 708, 301, 445, 78, 41, 141, 61, 311, 860, 377, 73, 201, 5, 368, 650, 976, 815, 735, 424, 739, 630, 211, 244, 229, 721, 585, 820, 829, 309, 273, 894, 722, 980, 420, 187, 36, 643, 798, 43, 133, 178, 541, 560, 486, 803, 850, 977, 148, 80, 954, 279, 452, 526, 651, 666, 893, 419, 840, 663, 254, 67, 35, 963, 694, 157, 71, 439, 888, 89, 682, 203, 434, 945, 674, 492, 934, 63, 646, 166, 822, 610, 677, 21, 688, 972, 46, 924, 265, 491, 996, 281, 276, 76, 271, 156, 3, 676, 660, 165, 564, 102, 494, 315, 367, 224, 18, 214, 955, 776, 712, 973, 463, 649, 14, 737, 613, 873, 690, 99, 59, 530, 370, 440, 804, 869, 294, 38, 195, 168, 575, 325, 237, 436, 208, 833, 416, 810, 765, 350, 327, 652, 351, 669, 951, 447, 428, 907, 761, 766, 431, 523, 675, 960, 608, 245, 814, 574, 874, 82, 218, 58, 758, 629, 982, 637, 471, 653, 194, 715, 460, 910, 222, 47, 938, 10, 673, 96, 263, 147, 322, 113, 288, 16, 714, 609, 150, 994, 785, 686, 992, 391, 534, 335, 372, 369, 172, 117, 738, 946, 340, 772, 628, 770, 691, 603, 566, 747, 827, 854, 731, 648, 787, 535, 34, 433, 899, 44, 839, 2, 111, 17, 161, 579, 159, 70, 896, 461, 251]
k= 1
elapsed times: 
8.639999999981995e-05
k= 3
elapsed times: 
0.0002737000000001544
k= 120
elapsed times: 
0.00671109999999997
k= 240
elapsed times: 
0.006993200000000144
n= 480
input: 
[728, 723, 639, 232, 944, 438, 198, 41, 621, 408, 72, 483, 825, 70, 511, 840, 596, 981, 167, 442, 65, 389, 228, 584, 433, 476, 504, 989, 970, 0, 205, 969, 671, 517, 522, 323, 865, 26, 320, 27, 600, 700, 178, 145, 715, 996, 215, 464, 251, 311, 570, 165, 674, 163, 286, 831, 302, 317, 360, 74, 235, 952, 312, 538, 692, 473, 768, 11, 264, 152, 901, 90, 327, 753, 532, 920, 414, 109, 858, 471, 418, 579, 250, 387, 458, 837, 295, 125, 413, 542, 33, 608, 44, 173, 658, 537, 791, 465, 994, 750, 722, 440, 492, 374, 253, 597, 745, 132, 862, 289, 247, 924, 292, 402, 319, 777, 571, 454, 802, 197, 748, 868, 192, 94, 972, 859, 746, 28, 171, 856, 525, 378, 654, 266, 543, 641, 119, 549, 350, 844, 308, 772, 877, 820, 315, 128, 193, 617, 272, 151, 371, 25, 857, 950, 222, 749, 569, 863, 591, 148, 651, 328, 158, 341, 107, 634, 446, 893, 58, 681, 453, 377, 169, 622, 926, 889, 792, 514, 851, 698, 155, 582, 24, 9, 551, 238, 593, 827, 875, 428, 77, 916, 961, 559, 220, 590, 177, 818, 699, 112, 592, 755, 399, 108, 356, 186, 731, 372, 322, 202, 647, 813, 466, 339, 179, 181, 214, 249, 625, 14, 663, 752, 986, 553, 513, 470, 405, 204, 393, 180, 306, 720, 589, 905, 347, 95, 797, 971, 833, 147, 84, 403, 968, 32, 486, 925, 133, 739, 999, 343, 703, 778, 643, 770, 113, 660, 273, 572, 479, 66, 164, 239, 507, 695, 710, 852, 225, 535, 536, 891, 804, 861, 474, 784, 447, 810, 390, 199, 19, 801, 493, 271, 367, 604, 396, 175, 890, 121, 334, 349, 781, 63, 832, 435, 2, 947, 610, 299, 429, 807, 524, 115, 333, 782, 183, 836, 509, 256, 395, 89, 685, 667, 331, 498, 550, 404, 394, 8, 46, 913, 727, 815, 293, 335, 268, 954, 168, 512, 4, 353, 386, 503, 629, 795, 149, 92, 805, 146, 828, 57, 760, 376, 279, 664, 434, 616, 938, 51, 240, 995, 932, 316, 277, 869, 194, 547, 540, 644, 578, 918, 527, 417, 116, 670, 298, 853, 172, 914, 716, 929, 787, 800, 460, 980, 71, 953, 966, 988, 81, 934, 595, 43, 139, 210, 848, 451, 741, 105, 309, 561, 812, 17, 773, 260, 959, 325, 243, 246, 475, 880, 940, 991, 380, 88, 423, 166, 123, 613, 606, 45, 23, 974, 379, 472, 642, 255, 443, 363, 481, 209, 86, 55, 213, 766, 528, 675, 872, 114, 130, 560, 336, 646, 573, 508, 737, 941, 732, 21, 676, 843, 545, 102, 876, 300, 233, 930, 937, 291, 744, 397, 267, 48, 839, 34, 22, 678, 156, 358, 823, 693, 706, 816, 129, 203, 459, 556, 411, 416, 73, 248, 207, 568, 541, 502, 764, 973, 307, 714, 244, 761]
k= 1
elapsed times: 
0.0001129999999998077
k= 3
elapsed times: 
0.0003499999999996284
k= 240
elapsed times: 
0.018849899999999753
k= 480
elapsed times: 
0.030353999999999992
n= 960
input: 
[792, 348, 922, 714, 845, 248, 724, 690, 474, 438, 799, 664, 111, 331, 361, 163, 676, 104, 211, 330, 382, 117, 453, 827, 146, 646, 169, 479, 660, 58, 288, 398, 198, 963, 889, 853, 701, 173, 529, 637, 476, 577, 318, 138, 617, 738, 357, 284, 819, 950, 370, 485, 448, 656, 780, 678, 615, 750, 53, 71, 406, 249, 623, 494, 113, 61, 814, 239, 537, 944, 837, 150, 584, 560, 99, 136, 15, 253, 987, 744, 242, 293, 54, 980, 456, 708, 743, 207, 441, 383, 662, 224, 243, 77, 218, 757, 725, 728, 315, 412, 86, 716, 841, 85, 369, 294, 214, 829, 580, 447, 816, 815, 809, 185, 913, 266, 659, 903, 257, 789, 427, 898, 409, 817, 74, 281, 684, 747, 484, 630, 455, 197, 880, 124, 522, 116, 896, 932, 178, 996, 400, 638, 600, 411, 220, 754, 740, 75, 707, 443, 24, 12, 694, 905, 613, 120, 323, 244, 855, 451, 190, 344, 375, 186, 588, 530, 961, 353, 982, 510, 349, 616, 546, 533, 773, 499, 210, 359, 345, 325, 900, 838, 368, 902, 127, 797, 770, 235, 423, 639, 722, 154, 842, 598, 731, 943, 166, 347, 88, 469, 957, 587, 983, 794, 515, 786, 250, 141, 526, 793, 611, 651, 882, 395, 969, 1, 381, 972, 38, 91, 49, 821, 524, 760, 700, 582, 380, 914, 425, 463, 791, 119, 556, 953, 346, 897, 413, 193, 798, 317, 605, 567, 891, 205, 926, 970, 312, 326, 495, 931, 404, 548, 378, 689, 121, 25, 601, 159, 343, 894, 109, 924, 433, 787, 852, 831, 114, 137, 643, 599, 39, 324, 112, 552, 262, 733, 549, 919, 631, 928, 336, 231, 509, 21, 122, 230, 373, 977, 644, 259, 543, 306, 95, 555, 110, 417, 328, 828, 836, 908, 850, 825, 812, 216, 431, 223, 739, 992, 857, 436, 986, 440, 904, 784, 702, 371, 886, 430, 196, 849, 516, 164, 572, 461, 911, 974, 118, 44, 246, 608, 491, 457, 363, 634, 620, 260, 645, 468, 618, 501, 506, 215, 610, 181, 652, 512, 726, 768, 283, 487, 183, 717, 310, 693, 219, 470, 282, 191, 606, 545, 532, 390, 995, 915, 300, 755, 179, 342, 184, 64, 319, 782, 576, 655, 221, 628, 578, 806, 553, 128, 155, 419, 8, 94, 505, 212, 332, 594, 83, 103, 445, 410, 681, 233, 472, 313, 909, 70, 4, 299, 102, 671, 720, 386, 437, 575, 7, 358, 314, 270, 795, 864, 496, 881, 45, 504, 872, 989, 388, 69, 333, 715, 566, 481, 276, 123, 287, 538, 407, 713, 672, 261, 604, 985, 811, 162, 254, 525, 686, 93, 818, 801, 732, 397, 148, 727, 679, 954, 483, 41, 565, 464, 466, 80, 26, 766, 824, 175, 636, 729, 648, 228, 993, 302, 415, 570, 6, 426, 790, 737, 43, 528, 340, 742, 647, 192, 835, 641, 677, 402, 498, 449, 32, 777, 19, 208, 966, 195, 47, 939, 151, 240, 833, 788, 295, 278, 307, 951, 57, 762, 705, 14, 0, 971, 517, 964, 820, 428, 329, 718, 225, 923, 848, 938, 614, 292, 673, 79, 774, 748, 5, 414, 226, 309, 879, 927, 131, 171, 800, 108, 863, 401, 98, 796, 73, 901, 609, 753, 764, 948, 96, 48, 9, 854, 51, 558, 273, 206, 31, 607, 435, 840, 105, 355, 354, 255, 34, 936, 297, 87, 337, 929, 81, 650, 439, 320, 547, 89, 67, 20, 277, 752, 30, 767, 304, 984, 275, 670, 421, 661, 640, 156, 675, 916, 420, 389, 699, 152, 695, 142, 596, 232, 890, 870, 245, 352, 252, 778, 60, 153, 432, 856, 497, 471, 467, 201, 234, 861, 209, 263, 460, 408, 144, 975, 13, 140, 339, 704, 893, 387, 706, 489, 635, 488, 666, 523, 667, 632, 52, 446, 775, 619, 591, 581, 82, 22, 298, 256, 997, 203, 847, 84, 945, 16, 28, 557, 521, 459, 990, 385, 925, 251, 569, 42, 458, 90, 316, 125, 978, 826, 999, 527, 188, 280, 350, 50, 17, 11, 955, 697, 434, 450, 115, 934, 56, 508, 303, 654, 783, 683, 758, 868, 917, 535, 492, 66, 959, 626, 878, 393, 503, 129, 888, 399, 935, 3, 877, 942, 867, 568, 892, 272, 518, 962, 36, 285, 269, 514, 907, 531, 511, 40, 561, 1000, 477, 160, 895, 629, 362, 745, 965, 649, 391, 920, 442, 918, 691, 135, 665, 478, 736, 597, 844, 991, 452, 308, 749, 356, 674, 562, 424, 335, 988, 513, 520, 544, 172, 379, 462, 685, 876, 222, 719, 621, 692, 741, 710, 465, 149, 947, 217, 167, 490, 761, 912, 973, 746, 960, 949, 365, 940, 703, 874, 286, 574, 170, 33, 227, 384, 130, 482, 860, 101, 843, 946, 772, 781, 519, 238, 571, 956, 199, 18, 551, 237, 480, 590, 883, 76, 247, 500, 536, 396, 176, 204, 376, 846, 813, 603, 873, 473, 392, 46, 541, 27, 444, 805, 540, 721, 627, 723, 92, 624, 241, 289, 885, 311, 633, 305, 182, 682, 776, 612, 573, 334, 642, 859, 429, 422, 322, 502, 765, 301, 921, 769, 862, 327, 866, 808, 507, 668, 35, 712, 834, 493, 851, 37, 133, 321, 405, 771, 416, 187, 72, 688, 711, 65, 941, 751, 698, 952, 756, 366, 200, 559, 63, 134, 658, 338, 374, 236, 454, 62, 869, 887, 2, 486, 981, 579, 157, 807, 884, 213, 595, 475, 202, 177, 669, 602, 107, 785, 539, 696, 100, 106, 534, 360, 759, 403, 189, 592, 29, 967, 267, 10, 274, 168, 126, 165, 830, 810, 132, 55, 803, 180, 832, 823, 291, 97, 563, 585, 622, 763, 906, 871, 593, 804, 367, 875, 680, 364, 709, 822, 583, 735, 229, 194, 858, 734, 271, 589, 968, 290, 68, 937, 550, 377, 147, 899, 930]
k= 1
elapsed times: 
0.00010939999999992622
k= 3
elapsed times: 
0.00033649999999996183
k= 480
elapsed times: 
0.09612799999999977
k= 960
elapsed times: 
0.19922910000000016
--------------------------------- SORTED ARRAY ---------------------------------

n= 60
input: 
[2, 11, 27, 78, 81, 88, 102, 113, 136, 197, 206, 267, 274, 295, 305, 313, 325, 333, 338, 339, 364, 378, 403, 407, 441, 446, 457, 465, 468, 471, 479, 489, 509, 527, 583, 592, 596, 633, 668, 671, 714, 731, 748, 751, 754, 760, 763, 766, 788, 821, 861, 899, 904, 910, 923, 925, 938, 948, 968, 978]
k= 1
elapsed times: 
7.70000000027693e-06
k= 3
elapsed times: 
1.8299999999804584e-05
k= 30
elapsed times: 
0.0001495000000000246
k= 60
elapsed times: 
0.00020699999999962415
n= 120
input: 
[2, 4, 5, 7, 21, 31, 38, 40, 56, 62, 72, 77, 79, 82, 88, 94, 126, 127, 129, 132, 133, 134, 144, 145, 157, 169, 203, 217, 223, 224, 225, 231, 242, 255, 256, 275, 299, 303, 306, 316, 320, 326, 342, 355, 369, 375, 383, 395, 399, 410, 415, 423, 424, 436, 443, 453, 454, 456, 460, 464, 465, 472, 487, 489, 515, 527, 537, 544, 556, 566, 573, 586, 588, 590, 595, 605, 608, 619, 620, 629, 630, 633, 636, 639, 655, 668, 669, 693, 708, 716, 721, 726, 764, 792, 810, 814, 822, 833, 844, 847, 863, 868, 885, 893, 905, 916, 920, 922, 923, 924, 929, 941, 947, 955, 958, 964, 973, 989, 995, 999]
k= 1
elapsed times: 
1.2200000000017752e-05
k= 3
elapsed times: 
3.629999999965605e-05
k= 60
elapsed times: 
0.0011054999999999815
k= 120
elapsed times: 
0.0008273000000000863
n= 240
input: 
[2, 3, 5, 10, 14, 16, 17, 18, 21, 34, 35, 36, 38, 41, 43, 44, 46, 47, 58, 59, 61, 63, 67, 70, 71, 73, 76, 78, 80, 82, 89, 96, 99, 102, 111, 113, 117, 133, 141, 147, 148, 150, 156, 157, 159, 161, 165, 166, 168, 172, 178, 180, 187, 194, 195, 200, 201, 203, 208, 211, 214, 218, 222, 224, 229, 230, 237, 244, 245, 251, 254, 263, 265, 271, 273, 276, 279, 281, 288, 294, 301, 309, 310, 311, 315, 322, 325, 327, 335, 340, 350, 351, 358, 367, 368, 369, 370, 372, 377, 391, 416, 419, 420, 424, 428, 431, 433, 434, 436, 439, 440, 445, 447, 452, 460, 461, 463, 471, 486, 491, 492, 494, 500, 507, 523, 526, 530, 534, 535, 541, 560, 564, 566, 574, 575, 579, 585, 603, 608, 609, 610, 613, 628, 629, 630, 637, 643, 646, 647, 648, 649, 650, 651, 652, 653, 657, 660, 663, 666, 669, 673, 674, 675, 676, 677, 682, 686, 688, 690, 691, 694, 697, 708, 712, 714, 715, 721, 722, 731, 735, 737, 738, 739, 747, 758, 761, 765, 766, 770, 772, 776, 785, 787, 798, 803, 804, 810, 814, 815, 820, 822, 827, 829, 833, 839, 840, 850, 852, 854, 860, 869, 873, 874, 888, 893, 894, 896, 899, 907, 910, 924, 931, 934, 938, 945, 946, 951, 954, 955, 960, 963, 972, 973, 976, 977, 980, 982, 992, 994, 996]
k= 1
elapsed times: 
2.4000000000246047e-05
k= 3
elapsed times: 
9.250000000005087e-05
k= 120
elapsed times: 
0.004553200000000146
k= 240
elapsed times: 
0.006207600000000202
n= 480
input: 
[0, 2, 4, 8, 9, 11, 14, 17, 19, 21, 22, 23, 24, 25, 26, 27, 28, 32, 33, 34, 41, 43, 44, 45, 46, 48, 51, 55, 57, 58, 63, 65, 66, 70, 71, 72, 73, 74, 77, 81, 84, 86, 88, 89, 90, 92, 94, 95, 102, 105, 107, 108, 109, 112, 113, 114, 115, 116, 119, 121, 123, 125, 128, 129, 130, 132, 133, 139, 145, 146, 147, 148, 149, 151, 152, 155, 156, 158, 163, 164, 165, 166, 167, 168, 169, 171, 172, 173, 175, 177, 178, 179, 180, 181, 183, 186, 192, 193, 194, 197, 198, 199, 202, 203, 204, 205, 207, 209, 210, 213, 214, 215, 220, 222, 225, 228, 232, 233, 235, 238, 239, 240, 243, 244, 246, 247, 248, 249, 250, 251, 253, 255, 256, 260, 264, 266, 267, 268, 271, 272, 273, 277, 279, 286, 289, 291, 292, 293, 295, 298, 299, 300, 302, 306, 307, 308, 309, 311, 312, 315, 316, 317, 319, 320, 322, 323, 325, 327, 328, 331, 333, 334, 335, 336, 339, 341, 343, 347, 349, 350, 353, 356, 358, 360, 363, 367, 371, 372, 374, 376, 377, 378, 379, 380, 386, 387, 389, 390, 393, 394, 395, 396, 397, 399, 402, 403, 404, 405, 408, 411, 413, 414, 416, 417, 418, 423, 428, 429, 433, 434, 435, 438, 440, 442, 443, 446, 447, 451, 453, 454, 458, 459, 460, 464, 465, 466, 470, 471, 472, 473, 474, 475, 476, 479, 481, 483, 486, 492, 493, 498, 502, 503, 504, 507, 508, 509, 511, 512, 513, 514, 517, 522, 524, 525, 527, 528, 532, 535, 536, 537, 538, 540, 541, 542, 543, 545, 547, 549, 550, 551, 553, 556, 559, 560, 561, 568, 569, 570, 571, 572, 573, 578, 579, 582, 584, 589, 590, 591, 592, 593, 595, 596, 597, 600, 604, 606, 608, 610, 613, 616, 617, 621, 622, 625, 629, 634, 639, 641, 642, 643, 644, 646, 647, 651, 654, 658, 660, 663, 664, 667, 670, 671, 674, 675, 676, 678, 681, 685, 692, 693, 695, 698, 699, 700, 703, 706, 710, 714, 715, 716, 720, 722, 723, 727, 728, 731, 732, 737, 739, 741, 744, 745, 746, 748, 749, 750, 752, 753, 755, 760, 761, 764, 766, 768, 770, 772, 773, 777, 778, 781, 782, 784, 787, 791, 792, 795, 797, 800, 801, 802, 804, 805, 807, 810, 812, 813, 815, 816, 818, 820, 823, 825, 827, 828, 831, 832, 833, 836, 837, 839, 840, 843, 844, 848, 851, 852, 853, 856, 857, 858, 859, 861, 862, 863, 865, 868, 869, 872, 875, 876, 877, 880, 889, 890, 891, 893, 901, 905, 913, 914, 916, 918, 920, 924, 925, 926, 929, 930, 932, 934, 937, 938, 940, 941, 944, 947, 950, 952, 953, 954, 959, 961, 966, 968, 969, 970, 971, 972, 973, 974, 980, 981, 986, 988, 989, 991, 994, 995, 996, 999]
k= 1
elapsed times: 
0.00011079999999985546
k= 3
elapsed times: 
0.0003377000000002184
k= 240
elapsed times: 
0.019180899999999834
k= 480
elapsed times: 
0.015272700000000139
n= 960
input: 
[0, 1, 2, 3, 4, 5, 6, 7, 8, 9, 10, 11, 12, 13, 14, 15, 16, 17, 18, 19, 20, 21, 22, 24, 25, 26, 27, 28, 29, 30, 31, 32, 33, 34, 35, 36, 37, 38, 39, 40, 41, 42, 43, 44, 45, 46, 47, 48, 49, 50, 51, 52, 53, 54, 55, 56, 57, 58, 60, 61, 62, 63, 64, 65, 66, 67, 68, 69, 70, 71, 72, 73, 74, 75, 76, 77, 79, 80, 81, 82, 83, 84, 85, 86, 87, 88, 89, 90, 91, 92, 93, 94, 95, 96, 97, 98, 99, 100, 101, 102, 103, 104, 105, 106, 107, 108, 109, 110, 111, 112, 113, 114, 115, 116, 117, 118, 119, 120, 121, 122, 123, 124, 125, 126, 127, 128, 129, 130, 131, 132, 133, 134, 135, 136, 137, 138, 140, 141, 142, 144, 146, 147, 148, 149, 150, 151, 152, 153, 154, 155, 156, 157, 159, 160, 162, 163, 164, 165, 166, 167, 168, 169, 170, 171, 172, 173, 175, 176, 177, 178, 179, 180, 181, 182, 183, 184, 185, 186, 187, 188, 189, 190, 191, 192, 193, 194, 195, 196, 197, 198, 199, 200, 201, 202, 203, 204, 205, 206, 207, 208, 209, 210, 211, 212, 213, 214, 215, 216, 217, 218, 219, 220, 221, 222, 223, 224, 225, 226, 227, 228, 229, 230, 231, 232, 233, 234, 235, 236, 237, 238, 239, 240, 241, 242, 243, 244, 245, 246, 247, 248, 249, 250, 251, 252, 253, 254, 255, 256, 257, 259, 260, 261, 262, 263, 266, 267, 269, 270, 271, 272, 273, 274, 275, 276, 277, 278, 280, 281, 282, 283, 284, 285, 286, 287, 288, 289, 290, 291, 292, 293, 294, 295, 297, 298, 299, 300, 301, 302, 303, 304, 305, 306, 307, 308, 309, 310, 311, 312, 313, 314, 315, 316, 317, 318, 319, 320, 321, 322, 323, 324, 325, 326, 327, 328, 329, 330, 331, 332, 333, 334, 335, 336, 337, 338, 339, 340, 342, 343, 344, 345, 346, 347, 348, 349, 350, 352, 353, 354, 355, 356, 357, 358, 359, 360, 361, 362, 363, 364, 365, 366, 367, 368, 369, 370, 371, 373, 374, 375, 376, 377, 378, 379, 380, 381, 382, 383, 384, 385, 386, 387, 388, 389, 390, 391, 392, 393, 395, 396, 397, 398, 399, 400, 401, 402, 403, 404, 405, 406, 407, 408, 409, 410, 411, 412, 413, 414, 415, 416, 417, 419, 420, 421, 422, 423, 424, 425, 426, 427, 428, 429, 430, 431, 432, 433, 434, 435, 436, 437, 438, 439, 440, 441, 442, 443, 444, 445, 446, 447, 448, 449, 450, 451, 452, 453, 454, 455, 456, 457, 458, 459, 460, 461, 462, 463, 464, 465, 466, 467, 468, 469, 470, 471, 472, 473, 474, 475, 476, 477, 478, 479, 480, 481, 482, 483, 484, 485, 486, 487, 488, 489, 490, 491, 492, 493, 494, 495, 496, 497, 498, 499, 500, 501, 502, 503, 504, 505, 506, 507, 508, 509, 510, 511, 512, 513, 514, 515, 516, 517, 518, 519, 520, 521, 522, 523, 524, 525, 526, 527, 528, 529, 530, 531, 532, 533, 534, 535, 536, 537, 538, 539, 540, 541, 543, 544, 545, 546, 547, 548, 549, 550, 551, 552, 553, 555, 556, 557, 558, 559, 560, 561, 562, 563, 565, 566, 567, 568, 569, 570, 571, 572, 573, 574, 575, 576, 577, 578, 579, 580, 581, 582, 583, 584, 585, 587, 588, 589, 590, 591, 592, 593, 594, 595, 596, 597, 598, 599, 600, 601, 602, 603, 604, 605, 606, 607, 608, 609, 610, 611, 612, 613, 614, 615, 616, 617, 618, 619, 620, 621, 622, 623, 624, 626, 627, 628, 629, 630, 631, 632, 633, 634, 635, 636, 637, 638, 639, 640, 641, 642, 643, 644, 645, 646, 647, 648, 649, 650, 651, 652, 654, 655, 656, 658, 659, 660, 661, 662, 664, 665, 666, 667, 668, 669, 670, 671, 672, 673, 674, 675, 676, 677, 678, 679, 680, 681, 682, 683, 684, 685, 686, 688, 689, 690, 691, 692, 693, 694, 695, 696, 697, 698, 699, 700, 701, 702, 703, 704, 705, 706, 707, 708, 709, 710, 711, 712, 713, 714, 715, 716, 717, 718, 719, 720, 721, 722, 723, 724, 725, 726, 727, 728, 729, 731, 732, 733, 734, 735, 736, 737, 738, 739, 740, 741, 742, 743, 744, 745, 746, 747, 748, 749, 750, 751, 752, 753, 754, 755, 756, 757, 758, 759, 760, 761, 762, 763, 764, 765, 766, 767, 768, 769, 770, 771, 772, 773, 774, 775, 776, 777, 778, 780, 781, 782, 783, 784, 785, 786, 787, 788, 789, 790, 791, 792, 793, 794, 795, 796, 797, 798, 799, 800, 801, 803, 804, 805, 806, 807, 808, 809, 810, 811, 812, 813, 814, 815, 816, 817, 818, 819, 820, 821, 822, 823, 824, 825, 826, 827, 828, 829, 830, 831, 832, 833, 834, 835, 836, 837, 838, 840, 841, 842, 843, 844, 845, 846, 847, 848, 849, 850, 851, 852, 853, 854, 855, 856, 857, 858, 859, 860, 861, 862, 863, 864, 866, 867, 868, 869, 870, 871, 872, 873, 874, 875, 876, 877, 878, 879, 880, 881, 882, 883, 884, 885, 886, 887, 888, 889, 890, 891, 892, 893, 894, 895, 896, 897, 898, 899, 900, 901, 902, 903, 904, 905, 906, 907, 908, 909, 911, 912, 913, 914, 915, 916, 917, 918, 919, 920, 921, 922, 923, 924, 925, 926, 927, 928, 929, 930, 931, 932, 934, 935, 936, 937, 938, 939, 940, 941, 942, 943, 944, 945, 946, 947, 948, 949, 950, 951, 952, 953, 954, 955, 956, 957, 959, 960, 961, 962, 963, 964, 965, 966, 967, 968, 969, 970, 971, 972, 973, 974, 975, 977, 978, 980, 981, 982, 983, 984, 985, 986, 987, 988, 989, 990, 991, 992, 993, 995, 996, 997, 999, 1000]
k= 1
elapsed times: 
0.00010540000000025529
k= 3
elapsed times: 
0.0003181000000003209
k= 480
elapsed times: 
0.07252690000000017
k= 960
elapsed times: 
0.10234299999999985
--------------------------------- REVERSED SORTED ARRAY ---------------------------------

n= 60
input: 
[978, 968, 948, 938, 925, 923, 910, 904, 899, 861, 821, 788, 766, 763, 760, 754, 751, 748, 731, 714, 671, 668, 633, 596, 592, 583, 527, 509, 489, 479, 471, 468, 465, 457, 446, 441, 407, 403, 378, 364, 339, 338, 333, 325, 313, 305, 295, 274, 267, 206, 197, 136, 113, 102, 88, 81, 78, 27, 11, 2]
k= 1
elapsed times: 
4.269999999984009e-05
k= 3
elapsed times: 
0.000124000000000013
k= 30
elapsed times: 
0.001053900000000052
k= 60
elapsed times: 
0.000732000000000177
n= 120
input: 
[999, 995, 989, 973, 964, 958, 955, 947, 941, 929, 924, 923, 922, 920, 916, 905, 893, 885, 868, 863, 847, 844, 833, 822, 814, 810, 792, 764, 726, 721, 716, 708, 693, 669, 668, 655, 639, 636, 633, 630, 629, 620, 619, 608, 605, 595, 590, 588, 586, 573, 566, 556, 544, 537, 527, 515, 489, 487, 472, 465, 464, 460, 456, 454, 453, 443, 436, 424, 423, 415, 410, 399, 395, 383, 375, 369, 355, 342, 326, 320, 316, 306, 303, 299, 275, 256, 255, 242, 231, 225, 224, 223, 217, 203, 169, 157, 145, 144, 134, 133, 132, 129, 127, 126, 94, 88, 82, 79, 77, 72, 62, 56, 40, 38, 31, 21, 7, 5, 4, 2]
k= 1
elapsed times: 
3.8699999999725065e-05
k= 3
elapsed times: 
0.0001221999999998502
k= 60
elapsed times: 
0.0019228999999998386
k= 120
elapsed times: 
0.0025960000000000427
n= 240
input: 
[996, 994, 992, 982, 980, 977, 976, 973, 972, 963, 960, 955, 954, 951, 946, 945, 938, 934, 931, 924, 910, 907, 899, 896, 894, 893, 888, 874, 873, 869, 860, 854, 852, 850, 840, 839, 833, 829, 827, 822, 820, 815, 814, 810, 804, 803, 798, 787, 785, 776, 772, 770, 766, 765, 761, 758, 747, 739, 738, 737, 735, 731, 722, 721, 715, 714, 712, 708, 697, 694, 691, 690, 688, 686, 682, 677, 676, 675, 674, 673, 669, 666, 663, 660, 657, 653, 652, 651, 650, 649, 648, 647, 646, 643, 637, 630, 629, 628, 613, 610, 609, 608, 603, 585, 579, 575, 574, 566, 564, 560, 541, 535, 534, 530, 526, 523, 507, 500, 494, 492, 491, 486, 471, 463, 461, 460, 452, 447, 445, 440, 439, 436, 434, 433, 431, 428, 424, 420, 419, 416, 391, 377, 372, 370, 369, 368, 367, 358, 351, 350, 340, 335, 327, 325, 322, 315, 311, 310, 309, 301, 294, 288, 281, 279, 276, 273, 271, 265, 263, 254, 251, 245, 244, 237, 230, 229, 224, 222, 218, 214, 211, 208, 203, 201, 200, 195, 194, 187, 180, 178, 172, 168, 166, 165, 161, 159, 157, 156, 150, 148, 147, 141, 133, 117, 113, 111, 102, 99, 96, 89, 82, 80, 78, 76, 73, 71, 70, 67, 63, 61, 59, 58, 47, 46, 44, 43, 41, 38, 36, 35, 34, 21, 18, 17, 16, 14, 10, 5, 3, 2]
k= 1
elapsed times: 
7.979999999996323e-05
k= 3
elapsed times: 
0.0002467999999997694
k= 120
elapsed times: 
0.007632500000000153
k= 240
elapsed times: 
0.01807280000000011
n= 480
input: 
[999, 996, 995, 994, 991, 989, 988, 986, 981, 980, 974, 973, 972, 971, 970, 969, 968, 966, 961, 959, 954, 953, 952, 950, 947, 944, 941, 940, 938, 937, 934, 932, 930, 929, 926, 925, 924, 920, 918, 916, 914, 913, 905, 901, 893, 891, 890, 889, 880, 877, 876, 875, 872, 869, 868, 865, 863, 862, 861, 859, 858, 857, 856, 853, 852, 851, 848, 844, 843, 840, 839, 837, 836, 833, 832, 831, 828, 827, 825, 823, 820, 818, 816, 815, 813, 812, 810, 807, 805, 804, 802, 801, 800, 797, 795, 792, 791, 787, 784, 782, 781, 778, 777, 773, 772, 770, 768, 766, 764, 761, 760, 755, 753, 752, 750, 749, 748, 746, 745, 744, 741, 739, 737, 732, 731, 728, 727, 723, 722, 720, 716, 715, 714, 710, 706, 703, 700, 699, 698, 695, 693, 692, 685, 681, 678, 676, 675, 674, 671, 670, 667, 664, 663, 660, 658, 654, 651, 647, 646, 644, 643, 642, 641, 639, 634, 629, 625, 622, 621, 617, 616, 613, 610, 608, 606, 604, 600, 597, 596, 595, 593, 592, 591, 590, 589, 584, 582, 579, 578, 573, 572, 571, 570, 569, 568, 561, 560, 559, 556, 553, 551, 550, 549, 547, 545, 543, 542, 541, 540, 538, 537, 536, 535, 532, 528, 527, 525, 524, 522, 517, 514, 513, 512, 511, 509, 508, 507, 504, 503, 502, 498, 493, 492, 486, 483, 481, 479, 476, 475, 474, 473, 472, 471, 470, 466, 465, 464, 460, 459, 458, 454, 453, 451, 447, 446, 443, 442, 440, 438, 435, 434, 433, 429, 428, 423, 418, 417, 416, 414, 413, 411, 408, 405, 404, 403, 402, 399, 397, 396, 395, 394, 393, 390, 389, 387, 386, 380, 379, 378, 377, 376, 374, 372, 371, 367, 363, 360, 358, 356, 353, 350, 349, 347, 343, 341, 339, 336, 335, 334, 333, 331, 328, 327, 325, 323, 322, 320, 319, 317, 316, 315, 312, 311, 309, 308, 307, 306, 302, 300, 299, 298, 295, 293, 292, 291, 289, 286, 279, 277, 273, 272, 271, 268, 267, 266, 264, 260, 256, 255, 253, 251, 250, 249, 248, 247, 246, 244, 243, 240, 239, 238, 235, 233, 232, 228, 225, 222, 220, 215, 214, 213, 210, 209, 207, 205, 204, 203, 202, 199, 198, 197, 194, 193, 192, 186, 183, 181, 180, 179, 178, 177, 175, 173, 172, 171, 169, 168, 167, 166, 165, 164, 163, 158, 156, 155, 152, 151, 149, 148, 147, 146, 145, 139, 133, 132, 130, 129, 128, 125, 123, 121, 119, 116, 115, 114, 113, 112, 109, 108, 107, 105, 102, 95, 94, 92, 90, 89, 88, 86, 84, 81, 77, 74, 73, 72, 71, 70, 66, 65, 63, 58, 57, 55, 51, 48, 46, 45, 44, 43, 41, 34, 33, 32, 28, 27, 26, 25, 24, 23, 22, 21, 19, 17, 14, 11, 9, 8, 4, 2, 0]
k= 1
elapsed times: 
0.00016510000000025116
k= 3
elapsed times: 
0.0007636999999998118
k= 240
elapsed times: 
0.06015250000000005
k= 480
elapsed times: 
0.0815617999999998
n= 960
input: 
[1000, 999, 997, 996, 995, 993, 992, 991, 990, 989, 988, 987, 986, 985, 984, 983, 982, 981, 980, 978, 977, 975, 974, 973, 972, 971, 970, 969, 968, 967, 966, 965, 964, 963, 962, 961, 960, 959, 957, 956, 955, 954, 953, 952, 951, 950, 949, 948, 947, 946, 945, 944, 943, 942, 941, 940, 939, 938, 937, 936, 935, 934, 932, 931, 930, 929, 928, 927, 926, 925, 924, 923, 922, 921, 920, 919, 918, 917, 916, 915, 914, 913, 912, 911, 909, 908, 907, 906, 905, 904, 903, 902, 901, 900, 899, 898, 897, 896, 895, 894, 893, 892, 891, 890, 889, 888, 887, 886, 885, 884, 883, 882, 881, 880, 879, 878, 877, 876, 875, 874, 873, 872, 871, 870, 869, 868, 867, 866, 864, 863, 862, 861, 860, 859, 858, 857, 856, 855, 854, 853, 852, 851, 850, 849, 848, 847, 846, 845, 844, 843, 842, 841, 840, 838, 837, 836, 835, 834, 833, 832, 831, 830, 829, 828, 827, 826, 825, 824, 823, 822, 821, 820, 819, 818, 817, 816, 815, 814, 813, 812, 811, 810, 809, 808, 807, 806, 805, 804, 803, 801, 800, 799, 798, 797, 796, 795, 794, 793, 792, 791, 790, 789, 788, 787, 786, 785, 784, 783, 782, 781, 780, 778, 777, 776, 775, 774, 773, 772, 771, 770, 769, 768, 767, 766, 765, 764, 763, 762, 761, 760, 759, 758, 757, 756, 755, 754, 753, 752, 751, 750, 749, 748, 747, 746, 745, 744, 743, 742, 741, 740, 739, 738, 737, 736, 735, 734, 733, 732, 731, 729, 728, 727, 726, 725, 724, 723, 722, 721, 720, 719, 718, 717, 716, 715, 714, 713, 712, 711, 710, 709, 708, 707, 706, 705, 704, 703, 702, 701, 700, 699, 698, 697, 696, 695, 694, 693, 692, 691, 690, 689, 688, 686, 685, 684, 683, 682, 681, 680, 679, 678, 677, 676, 675, 674, 673, 672, 671, 670, 669, 668, 667, 666, 665, 664, 662, 661, 660, 659, 658, 656, 655, 654, 652, 651, 650, 649, 648, 647, 646, 645, 644, 643, 642, 641, 640, 639, 638, 637, 636, 635, 634, 633, 632, 631, 630, 629, 628, 627, 626, 624, 623, 622, 621, 620, 619, 618, 617, 616, 615, 614, 613, 612, 611, 610, 609, 608, 607, 606, 605, 604, 603, 602, 601, 600, 599, 598, 597, 596, 595, 594, 593, 592, 591, 590, 589, 588, 587, 585, 584, 583, 582, 581, 580, 579, 578, 577, 576, 575, 574, 573, 572, 571, 570, 569, 568, 567, 566, 565, 563, 562, 561, 560, 559, 558, 557, 556, 555, 553, 552, 551, 550, 549, 548, 547, 546, 545, 544, 543, 541, 540, 539, 538, 537, 536, 535, 534, 533, 532, 531, 530, 529, 528, 527, 526, 525, 524, 523, 522, 521, 520, 519, 518, 517, 516, 515, 514, 513, 512, 511, 510, 509, 508, 507, 506, 505, 504, 503, 502, 501, 500, 499, 498, 497, 496, 495, 494, 493, 492, 491, 490, 489, 488, 487, 486, 485, 484, 483, 482, 481, 480, 479, 478, 477, 476, 475, 474, 473, 472, 471, 470, 469, 468, 467, 466, 465, 464, 463, 462, 461, 460, 459, 458, 457, 456, 455, 454, 453, 452, 451, 450, 449, 448, 447, 446, 445, 444, 443, 442, 441, 440, 439, 438, 437, 436, 435, 434, 433, 432, 431, 430, 429, 428, 427, 426, 425, 424, 423, 422, 421, 420, 419, 417, 416, 415, 414, 413, 412, 411, 410, 409, 408, 407, 406, 405, 404, 403, 402, 401, 400, 399, 398, 397, 396, 395, 393, 392, 391, 390, 389, 388, 387, 386, 385, 384, 383, 382, 381, 380, 379, 378, 377, 376, 375, 374, 373, 371, 370, 369, 368, 367, 366, 365, 364, 363, 362, 361, 360, 359, 358, 357, 356, 355, 354, 353, 352, 350, 349, 348, 347, 346, 345, 344, 343, 342, 340, 339, 338, 337, 336, 335, 334, 333, 332, 331, 330, 329, 328, 327, 326, 325, 324, 323, 322, 321, 320, 319, 318, 317, 316, 315, 314, 313, 312, 311, 310, 309, 308, 307, 306, 305, 304, 303, 302, 301, 300, 299, 298, 297, 295, 294, 293, 292, 291, 290, 289, 288, 287, 286, 285, 284, 283, 282, 281, 280, 278, 277, 276, 275, 274, 273, 272, 271, 270, 269, 267, 266, 263, 262, 261, 260, 259, 257, 256, 255, 254, 253, 252, 251, 250, 249, 248, 247, 246, 245, 244, 243, 242, 241, 240, 239, 238, 237, 236, 235, 234, 233, 232, 231, 230, 229, 228, 227, 226, 225, 224, 223, 222, 221, 220, 219, 218, 217, 216, 215, 214, 213, 212, 211, 210, 209, 208, 207, 206, 205, 204, 203, 202, 201, 200, 199, 198, 197, 196, 195, 194, 193, 192, 191, 190, 189, 188, 187, 186, 185, 184, 183, 182, 181, 180, 179, 178, 177, 176, 175, 173, 172, 171, 170, 169, 168, 167, 166, 165, 164, 163, 162, 160, 159, 157, 156, 155, 154, 153, 152, 151, 150, 149, 148, 147, 146, 144, 142, 141, 140, 138, 137, 136, 135, 134, 133, 132, 131, 130, 129, 128, 127, 126, 125, 124, 123, 122, 121, 120, 119, 118, 117, 116, 115, 114, 113, 112, 111, 110, 109, 108, 107, 106, 105, 104, 103, 102, 101, 100, 99, 98, 97, 96, 95, 94, 93, 92, 91, 90, 89, 88, 87, 86, 85, 84, 83, 82, 81, 80, 79, 77, 76, 75, 74, 73, 72, 71, 70, 69, 68, 67, 66, 65, 64, 63, 62, 61, 60, 58, 57, 56, 55, 54, 53, 52, 51, 50, 49, 48, 47, 46, 45, 44, 43, 42, 41, 40, 39, 38, 37, 36, 35, 34, 33, 32, 31, 30, 29, 28, 27, 26, 25, 24, 22, 21, 20, 19, 18, 17, 16, 15, 14, 13, 12, 11, 10, 9, 8, 7, 6, 5, 4, 3, 2, 1, 0]
k= 1
elapsed times: 
0.0006593999999999767
k= 3
elapsed times: 
0.0023540999999998036
k= 480
elapsed times: 
0.2710847999999997
k= 960
elapsed times: 
0.23718709999999987
--------------------------------- DUPLICATE ARRAY ---------------------------------

n= 60
input: 
[1, 1, 1, 1, 1, 1, 1, 1, 1, 1, 1, 1, 1, 1, 1, 1, 1, 1, 1, 1, 1, 1, 1, 1, 1, 1, 1, 1, 1, 1, 1, 1, 1, 1, 1, 1, 1, 1, 1, 1, 1, 1, 1, 1, 1, 1, 1, 1, 1, 1, 1, 1, 1, 1, 1, 1, 1, 1, 1, 1]
k= 1
elapsed times: 
7.399999999435636e-06
k= 3
elapsed times: 
1.81000000001319e-05
k= 30
elapsed times: 
0.00014930000000035193
k= 60
elapsed times: 
0.00036170000000002034
n= 120
input: 
[1, 1, 1, 1, 1, 1, 1, 1, 1, 1, 1, 1, 1, 1, 1, 1, 1, 1, 1, 1, 1, 1, 1, 1, 1, 1, 1, 1, 1, 1, 1, 1, 1, 1, 1, 1, 1, 1, 1, 1, 1, 1, 1, 1, 1, 1, 1, 1, 1, 1, 1, 1, 1, 1, 1, 1, 1, 1, 1, 1, 1, 1, 1, 1, 1, 1, 1, 1, 1, 1, 1, 1, 1, 1, 1, 1, 1, 1, 1, 1, 1, 1, 1, 1, 1, 1, 1, 1, 1, 1, 1, 1, 1, 1, 1, 1, 1, 1, 1, 1, 1, 1, 1, 1, 1, 1, 1, 1, 1, 1, 1, 1, 1, 1, 1, 1, 1, 1, 1, 1]
k= 1
elapsed times: 
2.7199999999893976e-05
k= 3
elapsed times: 
8.059999999954215e-05
k= 60
elapsed times: 
0.0012631000000000725
k= 120
elapsed times: 
0.0010649000000002573
n= 240
input: 
[1, 1, 1, 1, 1, 1, 1, 1, 1, 1, 1, 1, 1, 1, 1, 1, 1, 1, 1, 1, 1, 1, 1, 1, 1, 1, 1, 1, 1, 1, 1, 1, 1, 1, 1, 1, 1, 1, 1, 1, 1, 1, 1, 1, 1, 1, 1, 1, 1, 1, 1, 1, 1, 1, 1, 1, 1, 1, 1, 1, 1, 1, 1, 1, 1, 1, 1, 1, 1, 1, 1, 1, 1, 1, 1, 1, 1, 1, 1, 1, 1, 1, 1, 1, 1, 1, 1, 1, 1, 1, 1, 1, 1, 1, 1, 1, 1, 1, 1, 1, 1, 1, 1, 1, 1, 1, 1, 1, 1, 1, 1, 1, 1, 1, 1, 1, 1, 1, 1, 1, 1, 1, 1, 1, 1, 1, 1, 1, 1, 1, 1, 1, 1, 1, 1, 1, 1, 1, 1, 1, 1, 1, 1, 1, 1, 1, 1, 1, 1, 1, 1, 1, 1, 1, 1, 1, 1, 1, 1, 1, 1, 1, 1, 1, 1, 1, 1, 1, 1, 1, 1, 1, 1, 1, 1, 1, 1, 1, 1, 1, 1, 1, 1, 1, 1, 1, 1, 1, 1, 1, 1, 1, 1, 1, 1, 1, 1, 1, 1, 1, 1, 1, 1, 1, 1, 1, 1, 1, 1, 1, 1, 1, 1, 1, 1, 1, 1, 1, 1, 1, 1, 1, 1, 1, 1, 1, 1, 1, 1, 1, 1, 1, 1, 1, 1, 1, 1, 1, 1, 1]
k= 1
elapsed times: 
2.4000000000690136e-05
k= 3
elapsed times: 
7.460000000047984e-05
k= 120
elapsed times: 
0.00231310000000029
k= 240
elapsed times: 
0.0031245000000001966
n= 480
input: 
[1, 1, 1, 1, 1, 1, 1, 1, 1, 1, 1, 1, 1, 1, 1, 1, 1, 1, 1, 1, 1, 1, 1, 1, 1, 1, 1, 1, 1, 1, 1, 1, 1, 1, 1, 1, 1, 1, 1, 1, 1, 1, 1, 1, 1, 1, 1, 1, 1, 1, 1, 1, 1, 1, 1, 1, 1, 1, 1, 1, 1, 1, 1, 1, 1, 1, 1, 1, 1, 1, 1, 1, 1, 1, 1, 1, 1, 1, 1, 1, 1, 1, 1, 1, 1, 1, 1, 1, 1, 1, 1, 1, 1, 1, 1, 1, 1, 1, 1, 1, 1, 1, 1, 1, 1, 1, 1, 1, 1, 1, 1, 1, 1, 1, 1, 1, 1, 1, 1, 1, 1, 1, 1, 1, 1, 1, 1, 1, 1, 1, 1, 1, 1, 1, 1, 1, 1, 1, 1, 1, 1, 1, 1, 1, 1, 1, 1, 1, 1, 1, 1, 1, 1, 1, 1, 1, 1, 1, 1, 1, 1, 1, 1, 1, 1, 1, 1, 1, 1, 1, 1, 1, 1, 1, 1, 1, 1, 1, 1, 1, 1, 1, 1, 1, 1, 1, 1, 1, 1, 1, 1, 1, 1, 1, 1, 1, 1, 1, 1, 1, 1, 1, 1, 1, 1, 1, 1, 1, 1, 1, 1, 1, 1, 1, 1, 1, 1, 1, 1, 1, 1, 1, 1, 1, 1, 1, 1, 1, 1, 1, 1, 1, 1, 1, 1, 1, 1, 1, 1, 1, 1, 1, 1, 1, 1, 1, 1, 1, 1, 1, 1, 1, 1, 1, 1, 1, 1, 1, 1, 1, 1, 1, 1, 1, 1, 1, 1, 1, 1, 1, 1, 1, 1, 1, 1, 1, 1, 1, 1, 1, 1, 1, 1, 1, 1, 1, 1, 1, 1, 1, 1, 1, 1, 1, 1, 1, 1, 1, 1, 1, 1, 1, 1, 1, 1, 1, 1, 1, 1, 1, 1, 1, 1, 1, 1, 1, 1, 1, 1, 1, 1, 1, 1, 1, 1, 1, 1, 1, 1, 1, 1, 1, 1, 1, 1, 1, 1, 1, 1, 1, 1, 1, 1, 1, 1, 1, 1, 1, 1, 1, 1, 1, 1, 1, 1, 1, 1, 1, 1, 1, 1, 1, 1, 1, 1, 1, 1, 1, 1, 1, 1, 1, 1, 1, 1, 1, 1, 1, 1, 1, 1, 1, 1, 1, 1, 1, 1, 1, 1, 1, 1, 1, 1, 1, 1, 1, 1, 1, 1, 1, 1, 1, 1, 1, 1, 1, 1, 1, 1, 1, 1, 1, 1, 1, 1, 1, 1, 1, 1, 1, 1, 1, 1, 1, 1, 1, 1, 1, 1, 1, 1, 1, 1, 1, 1, 1, 1, 1, 1, 1, 1, 1, 1, 1, 1, 1, 1, 1, 1, 1, 1, 1, 1, 1, 1, 1, 1, 1, 1, 1, 1, 1, 1, 1, 1, 1, 1, 1, 1, 1, 1, 1, 1, 1, 1, 1, 1, 1, 1, 1]
k= 1
elapsed times: 
5.0900000000630996e-05
k= 3
elapsed times: 
0.0001566000000003953
k= 240
elapsed times: 
0.010070299999999754
k= 480
elapsed times: 
0.012955799999999407
n= 960
input: 
[1, 1, 1, 1, 1, 1, 1, 1, 1, 1, 1, 1, 1, 1, 1, 1, 1, 1, 1, 1, 1, 1, 1, 1, 1, 1, 1, 1, 1, 1, 1, 1, 1, 1, 1, 1, 1, 1, 1, 1, 1, 1, 1, 1, 1, 1, 1, 1, 1, 1, 1, 1, 1, 1, 1, 1, 1, 1, 1, 1, 1, 1, 1, 1, 1, 1, 1, 1, 1, 1, 1, 1, 1, 1, 1, 1, 1, 1, 1, 1, 1, 1, 1, 1, 1, 1, 1, 1, 1, 1, 1, 1, 1, 1, 1, 1, 1, 1, 1, 1, 1, 1, 1, 1, 1, 1, 1, 1, 1, 1, 1, 1, 1, 1, 1, 1, 1, 1, 1, 1, 1, 1, 1, 1, 1, 1, 1, 1, 1, 1, 1, 1, 1, 1, 1, 1, 1, 1, 1, 1, 1, 1, 1, 1, 1, 1, 1, 1, 1, 1, 1, 1, 1, 1, 1, 1, 1, 1, 1, 1, 1, 1, 1, 1, 1, 1, 1, 1, 1, 1, 1, 1, 1, 1, 1, 1, 1, 1, 1, 1, 1, 1, 1, 1, 1, 1, 1, 1, 1, 1, 1, 1, 1, 1, 1, 1, 1, 1, 1, 1, 1, 1, 1, 1, 1, 1, 1, 1, 1, 1, 1, 1, 1, 1, 1, 1, 1, 1, 1, 1, 1, 1, 1, 1, 1, 1, 1, 1, 1, 1, 1, 1, 1, 1, 1, 1, 1, 1, 1, 1, 1, 1, 1, 1, 1, 1, 1, 1, 1, 1, 1, 1, 1, 1, 1, 1, 1, 1, 1, 1, 1, 1, 1, 1, 1, 1, 1, 1, 1, 1, 1, 1, 1, 1, 1, 1, 1, 1, 1, 1, 1, 1, 1, 1, 1, 1, 1, 1, 1, 1, 1, 1, 1, 1, 1, 1, 1, 1, 1, 1, 1, 1, 1, 1, 1, 1, 1, 1, 1, 1, 1, 1, 1, 1, 1, 1, 1, 1, 1, 1, 1, 1, 1, 1, 1, 1, 1, 1, 1, 1, 1, 1, 1, 1, 1, 1, 1, 1, 1, 1, 1, 1, 1, 1, 1, 1, 1, 1, 1, 1, 1, 1, 1, 1, 1, 1, 1, 1, 1, 1, 1, 1, 1, 1, 1, 1, 1, 1, 1, 1, 1, 1, 1, 1, 1, 1, 1, 1, 1, 1, 1, 1, 1, 1, 1, 1, 1, 1, 1, 1, 1, 1, 1, 1, 1, 1, 1, 1, 1, 1, 1, 1, 1, 1, 1, 1, 1, 1, 1, 1, 1, 1, 1, 1, 1, 1, 1, 1, 1, 1, 1, 1, 1, 1, 1, 1, 1, 1, 1, 1, 1, 1, 1, 1, 1, 1, 1, 1, 1, 1, 1, 1, 1, 1, 1, 1, 1, 1, 1, 1, 1, 1, 1, 1, 1, 1, 1, 1, 1, 1, 1, 1, 1, 1, 1, 1, 1, 1, 1, 1, 1, 1, 1, 1, 1, 1, 1, 1, 1, 1, 1, 1, 1, 1, 1, 1, 1, 1, 1, 1, 1, 1, 1, 1, 1, 1, 1, 1, 1, 1, 1, 1, 1, 1, 1, 1, 1, 1, 1, 1, 1, 1, 1, 1, 1, 1, 1, 1, 1, 1, 1, 1, 1, 1, 1, 1, 1, 1, 1, 1, 1, 1, 1, 1, 1, 1, 1, 1, 1, 1, 1, 1, 1, 1, 1, 1, 1, 1, 1, 1, 1, 1, 1, 1, 1, 1, 1, 1, 1, 1, 1, 1, 1, 1, 1, 1, 1, 1, 1, 1, 1, 1, 1, 1, 1, 1, 1, 1, 1, 1, 1, 1, 1, 1, 1, 1, 1, 1, 1, 1, 1, 1, 1, 1, 1, 1, 1, 1, 1, 1, 1, 1, 1, 1, 1, 1, 1, 1, 1, 1, 1, 1, 1, 1, 1, 1, 1, 1, 1, 1, 1, 1, 1, 1, 1, 1, 1, 1, 1, 1, 1, 1, 1, 1, 1, 1, 1, 1, 1, 1, 1, 1, 1, 1, 1, 1, 1, 1, 1, 1, 1, 1, 1, 1, 1, 1, 1, 1, 1, 1, 1, 1, 1, 1, 1, 1, 1, 1, 1, 1, 1, 1, 1, 1, 1, 1, 1, 1, 1, 1, 1, 1, 1, 1, 1, 1, 1, 1, 1, 1, 1, 1, 1, 1, 1, 1, 1, 1, 1, 1, 1, 1, 1, 1, 1, 1, 1, 1, 1, 1, 1, 1, 1, 1, 1, 1, 1, 1, 1, 1, 1, 1, 1, 1, 1, 1, 1, 1, 1, 1, 1, 1, 1, 1, 1, 1, 1, 1, 1, 1, 1, 1, 1, 1, 1, 1, 1, 1, 1, 1, 1, 1, 1, 1, 1, 1, 1, 1, 1, 1, 1, 1, 1, 1, 1, 1, 1, 1, 1, 1, 1, 1, 1, 1, 1, 1, 1, 1, 1, 1, 1, 1, 1, 1, 1, 1, 1, 1, 1, 1, 1, 1, 1, 1, 1, 1, 1, 1, 1, 1, 1, 1, 1, 1, 1, 1, 1, 1, 1, 1, 1, 1, 1, 1, 1, 1, 1, 1, 1, 1, 1, 1, 1, 1, 1, 1, 1, 1, 1, 1, 1, 1, 1, 1, 1, 1, 1, 1, 1, 1, 1, 1, 1, 1, 1, 1, 1, 1, 1, 1, 1, 1, 1, 1, 1, 1, 1, 1, 1, 1, 1, 1, 1, 1, 1, 1, 1, 1, 1, 1, 1, 1, 1, 1, 1, 1, 1, 1, 1, 1, 1, 1, 1, 1, 1, 1, 1, 1, 1, 1, 1, 1, 1, 1, 1, 1, 1, 1, 1, 1, 1, 1, 1, 1, 1, 1, 1, 1, 1, 1, 1, 1, 1, 1, 1, 1, 1, 1, 1, 1, 1, 1, 1, 1, 1, 1, 1, 1, 1, 1, 1, 1, 1, 1, 1, 1, 1, 1, 1, 1, 1, 1, 1, 1, 1, 1, 1, 1, 1, 1, 1, 1, 1, 1, 1, 1, 1, 1, 1, 1]
k= 1
elapsed times: 
0.00010629999999967055
k= 3
elapsed times: 
0.0003150000000005093
k= 480
elapsed times: 
0.11307739999999988
k= 960
elapsed times: 
0.08722870000000071
--------------------------------- AVERAGE ---------------------------------

Average when k:3
elapsed times: 
[5.1559999999817306e-05, 0.00014867999999985672, 0.00035410000000002384, 0.0007170600000000249, 0.0014387399999998608]