Partial Heap-Sort Analyis

--------------------------------- INITIAL ARRAY ---------------------------------

n= 60
input: 
[948, 563, 368, 778, 782, 185, 767, 233, 201, 929, 589, 630, 296, 720, 749, 762, 808, 53, 171, 571, 716, 950, 461, 112, 310, 374, 125, 648, 78, 367, 273, 239, 241, 198, 819, 408, 83, 899, 597, 438, 418, 747, 297, 433, 704, 758, 945, 124, 319, 889, 993, 416, 942, 68, 126, 729, 4, 556, 299, 761]
k:1
elapsed times: 
5.209999999955528e-05
k:3
elapsed times: 
4.539999999941813e-05
k:30
elapsed times: 
3.62000000002638e-05
k:60
elapsed times: 
2.4500000000315936e-05
n= 120
input: 
[671, 45, 961, 50, 619, 580, 143, 33, 495, 631, 613, 725, 805, 521, 233, 181, 695, 958, 779, 46, 791, 643, 628, 937, 262, 797, 750, 696, 647, 863, 646, 904, 191, 536, 170, 160, 30, 427, 950, 465, 121, 907, 727, 59, 983, 220, 268, 856, 957, 632, 192, 8, 648, 488, 526, 909, 343, 346, 82, 215, 492, 101, 308, 829, 23, 395, 817, 997, 734, 996, 557, 756, 743, 193, 811, 204, 683, 589, 478, 544, 833, 330, 881, 288, 667, 823, 733, 394, 976, 843, 127, 777, 670, 264, 625, 912, 629, 120, 363, 279, 223, 530, 13, 468, 739, 499, 966, 176, 721, 975, 19, 315, 764, 291, 150, 6, 838, 713, 351, 905]
k:1
elapsed times: 
0.00010140000000014027
k:3
elapsed times: 
9.42000000012655e-05
k:60
elapsed times: 
7.229999999935899e-05
k:120
elapsed times: 
4.840000000072564e-05
n= 240
input: 
[763, 345, 65, 279, 996, 500, 762, 289, 821, 898, 818, 662, 708, 424, 945, 333, 903, 938, 677, 502, 891, 876, 401, 831, 120, 901, 315, 777, 840, 886, 220, 540, 267, 366, 386, 323, 477, 569, 997, 515, 514, 575, 690, 736, 382, 526, 884, 268, 715, 127, 299, 960, 950, 523, 94, 990, 536, 719, 375, 978, 463, 84, 546, 712, 407, 479, 343, 282, 281, 636, 336, 906, 589, 875, 877, 694, 117, 36, 14, 66, 240, 769, 588, 653, 369, 641, 722, 929, 507, 669, 451, 310, 203, 297, 846, 78, 598, 446, 683, 854, 141, 563, 593, 545, 528, 350, 118, 347, 893, 88, 804, 887, 496, 101, 85, 441, 150, 123, 64, 670, 81, 251, 74, 340, 137, 977, 916, 506, 921, 603, 971, 468, 998, 531, 232, 325, 728, 585, 765, 704, 908, 174, 30, 5, 577, 693, 982, 124, 304, 844, 759, 570, 586, 457, 396, 943, 4, 801, 91, 482, 614, 32, 237, 397, 872, 767, 564, 483, 828, 405, 253, 296, 466, 490, 873, 31, 335, 702, 481, 605, 716, 733, 775, 209, 412, 521, 387, 277, 72, 797, 426, 576, 491, 15, 861, 398, 140, 829, 850, 115, 667, 437, 195, 544, 40, 440, 364, 761, 599, 215, 615, 306, 602, 63, 772, 701, 980, 735, 327, 752, 678, 301, 69, 663, 147, 509, 503, 413, 926, 175, 80, 22, 264, 553, 349, 554, 922, 83, 771, 725]
k:1
elapsed times: 
0.00019969999999958077
k:3
elapsed times: 
0.00019610000000014338
k:120
elapsed times: 
0.00014589999999969905
k:240
elapsed times: 
8.520000000089567e-05
n= 480
input: 
[101, 148, 614, 382, 200, 282, 903, 889, 220, 736, 667, 766, 241, 97, 376, 448, 737, 488, 94, 763, 653, 804, 188, 327, 951, 341, 685, 58, 22, 853, 812, 59, 678, 134, 760, 854, 629, 757, 965, 839, 395, 11, 705, 761, 584, 744, 624, 322, 182, 949, 154, 75, 581, 199, 73, 514, 691, 125, 20, 350, 562, 470, 531, 856, 76, 66, 710, 352, 294, 69, 931, 510, 467, 460, 810, 233, 807, 493, 639, 644, 299, 372, 226, 913, 518, 205, 357, 924, 255, 195, 877, 693, 278, 230, 631, 558, 517, 265, 401, 585, 559, 657, 72, 65, 210, 1000, 809, 989, 19, 146, 748, 632, 422, 721, 356, 486, 275, 713, 26, 84, 311, 132, 915, 128, 227, 419, 923, 942, 106, 103, 157, 930, 583, 883, 730, 345, 719, 718, 695, 642, 683, 927, 948, 722, 477, 745, 958, 259, 677, 533, 347, 481, 716, 882, 158, 42, 369, 92, 550, 670, 589, 164, 305, 99, 708, 446, 108, 679, 451, 391, 881, 432, 179, 993, 590, 601, 680, 375, 977, 141, 797, 976, 921, 689, 60, 665, 273, 802, 875, 266, 605, 291, 78, 669, 841, 858, 588, 468, 764, 5, 362, 697, 739, 231, 911, 83, 659, 851, 102, 901, 803, 725, 855, 329, 805, 239, 981, 762, 166, 738, 172, 970, 40, 417, 251, 548, 398, 68, 896, 831, 274, 646, 700, 433, 862, 165, 249, 459, 823, 209, 410, 825, 740, 663, 975, 619, 300, 471, 96, 783, 370, 874, 636, 418, 850, 988, 284, 603, 351, 457, 549, 194, 114, 768, 938, 987, 7, 572, 575, 436, 262, 914, 891, 254, 23, 879, 586, 895, 466, 845, 216, 733, 720, 442, 420, 427, 946, 228, 409, 982, 742, 811, 197, 521, 450, 519, 245, 635, 381, 898, 340, 536, 617, 29, 543, 957, 238, 918, 686, 416, 501, 286, 866, 847, 28, 973, 223, 82, 167, 939, 570, 295, 153, 544, 61, 580, 611, 45, 151, 404, 88, 576, 934, 30, 999, 781, 492, 57, 540, 250, 869, 834, 51, 218, 196, 568, 526, 12, 832, 778, 795, 453, 9, 746, 885, 285, 212, 625, 365, 406, 80, 593, 573, 142, 100, 664, 336, 213, 458, 312, 726, 925, 707, 994, 70, 444, 547, 753, 21, 87, 253, 912, 512, 815, 782, 348, 39, 168, 325, 511, 36, 119, 497, 126, 892, 704, 37, 835, 523, 176, 170, 876, 637, 67, 8, 192, 144, 571, 494, 542, 816, 208, 18, 758, 292, 473, 754, 180, 767, 53, 411, 955, 865, 211, 303, 206, 759, 118, 261, 552, 247, 651, 276, 681, 390, 244, 917, 396, 565, 649, 868, 690, 574, 779, 906, 660, 236, 800, 749, 774, 304, 656, 159, 524, 916, 447, 820, 870, 857, 655, 596, 130, 6, 136, 184, 338, 668, 169, 950, 787, 688, 137, 723, 62, 452, 52, 269, 301, 302, 289]
k:1
elapsed times: 
0.00024870000000021264
k:3
elapsed times: 
0.00024289999999993483
k:240
elapsed times: 
0.00011789999999933798
k:480
elapsed times: 
6.799999999884676e-05
n= 960
input: 
[799, 412, 846, 311, 640, 508, 349, 198, 597, 558, 15, 300, 151, 913, 972, 830, 227, 776, 657, 248, 345, 518, 746, 887, 965, 279, 435, 810, 6, 987, 977, 993, 335, 892, 876, 541, 748, 940, 101, 34, 543, 805, 555, 442, 579, 646, 146, 369, 268, 949, 852, 199, 584, 591, 395, 946, 319, 727, 411, 571, 141, 942, 652, 722, 878, 841, 119, 509, 416, 41, 774, 795, 350, 210, 882, 247, 908, 467, 651, 522, 614, 701, 838, 671, 775, 3, 985, 215, 991, 628, 194, 168, 480, 787, 916, 115, 156, 684, 851, 589, 807, 588, 685, 943, 67, 111, 694, 163, 138, 575, 931, 533, 281, 162, 4, 662, 134, 132, 505, 693, 820, 601, 866, 45, 271, 785, 177, 974, 585, 595, 310, 59, 526, 857, 75, 994, 967, 358, 492, 145, 161, 164, 874, 880, 266, 463, 495, 672, 638, 224, 856, 845, 54, 920, 594, 278, 573, 902, 71, 55, 907, 478, 377, 231, 152, 347, 939, 924, 82, 246, 897, 550, 69, 285, 554, 906, 598, 898, 44, 267, 223, 996, 475, 743, 663, 561, 948, 331, 583, 975, 577, 341, 91, 687, 546, 165, 448, 451, 22, 927, 173, 855, 934, 192, 724, 971, 900, 113, 363, 890, 786, 170, 257, 712, 563, 523, 387, 117, 385, 290, 124, 950, 204, 605, 217, 720, 980, 418, 780, 544, 304, 603, 817, 18, 272, 38, 821, 368, 130, 8, 954, 680, 984, 782, 719, 814, 46, 214, 343, 695, 752, 213, 926, 751, 321, 128, 273, 444, 125, 19, 104, 24, 794, 806, 260, 259, 690, 822, 754, 711, 958, 973, 421, 86, 26, 254, 431, 196, 859, 919, 10, 21, 894, 49, 733, 360, 263, 120, 193, 381, 241, 489, 1, 100, 183, 116, 888, 725, 669, 284, 854, 921, 490, 714, 102, 933, 408, 16, 244, 922, 649, 325, 955, 76, 74, 72, 997, 477, 277, 391, 704, 606, 232, 904, 309, 176, 203, 664, 89, 230, 455, 557, 929, 484, 474, 498, 860, 816, 332, 96, 220, 956, 893, 623, 433, 287, 308, 777, 414, 858, 737, 73, 947, 673, 530, 32, 388, 68, 696, 283, 932, 469, 318, 253, 25, 200, 762, 981, 270, 144, 483, 456, 239, 78, 118, 499, 773, 251, 471, 778, 745, 510, 417, 250, 312, 148, 329, 925, 443, 744, 938, 85, 517, 269, 647, 889, 185, 462, 464, 650, 912, 813, 621, 459, 155, 779, 992, 50, 962, 615, 500, 240, 678, 566, 732, 316, 340, 986, 610, 470, 256, 292, 749, 70, 330, 587, 355, 479, 750, 735, 114, 361, 187, 63, 731, 513, 952, 609, 534, 677, 899, 540, 791, 586, 582, 861, 237, 761, 668, 282, 532, 410, 960, 485, 963, 420, 337, 923, 545, 280, 730, 264, 849, 686, 734, 796, 653, 729, 914, 630, 276, 180, 564, 834, 740, 824, 94, 42, 379, 801, 178, 915, 721, 353, 863, 201, 562, 133, 989, 675, 616, 634, 182, 126, 31, 622, 514, 446, 13, 450, 643, 516, 298, 642, 515, 47, 166, 580, 216, 827, 333, 79, 655, 206, 736, 372, 539, 476, 106, 990, 52, 108, 999, 491, 905, 639, 302, 840, 815, 928, 910, 112, 676, 354, 895, 88, 447, 629, 607, 235, 405, 362, 871, 212, 373, 473, 717, 487, 847, 394, 802, 438, 258, 322, 618, 631, 969, 323, 611, 202, 139, 783, 81, 186, 567, 425, 625, 90, 255, 581, 303, 828, 294, 262, 665, 324, 511, 679, 36, 978, 98, 147, 123, 56, 872, 886, 536, 48, 556, 190, 935, 637, 77, 17, 648, 600, 937, 896, 66, 367, 812, 493, 401, 488, 661, 688, 238, 218, 172, 313, 274, 334, 983, 219, 945, 243, 547, 339, 551, 885, 559, 819, 624, 548, 742, 392, 718, 315, 706, 641, 228, 154, 645, 739, 982, 700, 209, 570, 951, 608, 667, 911, 599, 496, 565, 881, 458, 103, 205, 658, 792, 569, 175, 482, 51, 296, 528, 5, 427, 930, 936, 143, 346, 131, 286, 723, 407, 374, 197, 233, 252, 572, 959, 870, 191, 703, 314, 944, 507, 2, 771, 903, 140, 716, 968, 864, 529, 404, 953, 853, 375, 60, 681, 691, 728, 320, 380, 207, 11, 747, 297, 527, 877, 169, 159, 261, 189, 35, 415, 494, 293, 698, 428, 327, 811, 453, 389, 33, 709, 234, 174, 406, 660, 400, 468, 831, 184, 107, 865, 797, 531, 879, 770, 568, 236, 790, 784, 434, 424, 682, 53, 383, 222, 167, 157, 338, 441, 758, 619, 560, 524, 757, 317, 289, 525, 429, 7, 576, 957, 225, 181, 150, 142, 738, 699, 961, 461, 97, 765, 769, 636, 359, 635, 342, 136, 481, 14, 378, 121, 95, 809, 122, 301, 604, 627, 707, 306, 883, 40, 842, 457, 39, 503, 419, 741, 436, 501, 127, 617, 596, 452, 275, 437, 753, 109, 376, 413, 393, 62, 466, 966, 549, 61, 764, 826, 83, 713, 574, 423, 430, 465, 344, 868, 632, 1000, 520, 710, 93, 674, 670, 542, 265, 352, 0, 666, 366, 781, 384, 689, 537, 683, 873, 328, 432, 364, 188, 976, 137, 386, 875, 519, 291, 57, 763, 804, 422, 472, 808, 835, 439, 818, 449, 208, 84, 445, 789, 620, 336, 708, 226, 149, 211, 295, 382, 692, 837, 909, 756, 80, 800, 726, 307, 592, 867, 92, 768, 30, 65, 396, 402, 998, 23, 979, 371, 829, 995, 767, 129, 590, 179, 506, 612, 654, 305, 27, 918, 171, 697, 552, 440, 772, 970, 37, 823, 87, 656, 454, 759, 593, 390, 836, 850, 578, 357, 613, 538, 766, 9, 398, 833, 399, 844, 497, 105, 221, 460, 370, 195, 28, 397, 299, 29, 504, 409, 917, 941, 644, 891, 839, 486, 869, 249, 964, 288, 760, 602, 326, 702, 788, 348]
k:1
elapsed times: 
0.0003596000000012367
k:3
elapsed times: 
0.0003480000000006811
k:480
elapsed times: 
0.0002465000000011486
k:960
elapsed times: 
0.00013299999999993872
--------------------------------- SORTED ARRAY ---------------------------------

n= 60
input: 
[4, 53, 68, 78, 83, 112, 124, 125, 126, 171, 185, 198, 201, 233, 239, 241, 273, 296, 297, 299, 310, 319, 367, 368, 374, 408, 416, 418, 433, 438, 461, 556, 563, 571, 589, 597, 630, 648, 704, 716, 720, 729, 747, 749, 758, 761, 762, 767, 778, 782, 808, 819, 889, 899, 929, 942, 945, 948, 950, 993]
k:1
elapsed times: 
1.8900000000598993e-05
k:3
elapsed times: 
1.750000000022567e-05
k:30
elapsed times: 
1.359999999905881e-05
k:60
elapsed times: 
9.399999999715192e-06
n= 120
input: 
[6, 8, 13, 19, 23, 30, 33, 45, 46, 50, 59, 82, 101, 120, 121, 127, 143, 150, 160, 170, 176, 181, 191, 192, 193, 204, 215, 220, 223, 233, 262, 264, 268, 279, 288, 291, 308, 315, 330, 343, 346, 351, 363, 394, 395, 427, 465, 468, 478, 488, 492, 495, 499, 521, 526, 530, 536, 544, 557, 580, 589, 613, 619, 625, 628, 629, 631, 632, 643, 646, 647, 648, 667, 670, 671, 683, 695, 696, 713, 721, 725, 727, 733, 734, 739, 743, 750, 756, 764, 777, 779, 791, 797, 805, 811, 817, 823, 829, 833, 838, 843, 856, 863, 881, 904, 905, 907, 909, 912, 937, 950, 957, 958, 961, 966, 975, 976, 983, 996, 997]
k:1
elapsed times: 
4.4199999999605666e-05
k:3
elapsed times: 
3.949999999974807e-05
k:60
elapsed times: 
2.95999999995189e-05
k:120
elapsed times: 
1.969999999928973e-05
n= 240
input: 
[4, 5, 14, 15, 22, 30, 31, 32, 36, 40, 63, 64, 65, 66, 69, 72, 74, 78, 80, 81, 83, 84, 85, 88, 91, 94, 101, 115, 117, 118, 120, 123, 124, 127, 137, 140, 141, 147, 150, 174, 175, 195, 203, 209, 215, 220, 232, 237, 240, 251, 253, 264, 267, 268, 277, 279, 281, 282, 289, 296, 297, 299, 301, 304, 306, 310, 315, 323, 325, 327, 333, 335, 336, 340, 343, 345, 347, 349, 350, 364, 366, 369, 375, 382, 386, 387, 396, 397, 398, 401, 405, 407, 412, 413, 424, 426, 437, 440, 441, 446, 451, 457, 463, 466, 468, 477, 479, 481, 482, 483, 490, 491, 496, 500, 502, 503, 506, 507, 509, 514, 515, 521, 523, 526, 528, 531, 536, 540, 544, 545, 546, 553, 554, 563, 564, 569, 570, 575, 576, 577, 585, 586, 588, 589, 593, 598, 599, 602, 603, 605, 614, 615, 636, 641, 653, 662, 663, 667, 669, 670, 677, 678, 683, 690, 693, 694, 701, 702, 704, 708, 712, 715, 716, 719, 722, 725, 728, 733, 735, 736, 752, 759, 761, 762, 763, 765, 767, 769, 771, 772, 775, 777, 797, 801, 804, 818, 821, 828, 829, 831, 840, 844, 846, 850, 854, 861, 872, 873, 875, 876, 877, 884, 886, 887, 891, 893, 898, 901, 903, 906, 908, 916, 921, 922, 926, 929, 938, 943, 945, 950, 960, 971, 977, 978, 980, 982, 990, 996, 997, 998]
k:1
elapsed times: 
8.349999999879287e-05
k:3
elapsed times: 
8.170000000085054e-05
k:120
elapsed times: 
6.320000000137327e-05
k:240
elapsed times: 
4.140000000063537e-05
n= 480
input: 
[5, 6, 7, 8, 9, 11, 12, 18, 19, 20, 21, 22, 23, 26, 28, 29, 30, 36, 37, 39, 40, 42, 45, 51, 52, 53, 57, 58, 59, 60, 61, 62, 65, 66, 67, 68, 69, 70, 72, 73, 75, 76, 78, 80, 82, 83, 84, 87, 88, 92, 94, 96, 97, 99, 100, 101, 102, 103, 106, 108, 114, 118, 119, 125, 126, 128, 130, 132, 134, 136, 137, 141, 142, 144, 146, 148, 151, 153, 154, 157, 158, 159, 164, 165, 166, 167, 168, 169, 170, 172, 176, 179, 180, 182, 184, 188, 192, 194, 195, 196, 197, 199, 200, 205, 206, 208, 209, 210, 211, 212, 213, 216, 218, 220, 223, 226, 227, 228, 230, 231, 233, 236, 238, 239, 241, 244, 245, 247, 249, 250, 251, 253, 254, 255, 259, 261, 262, 265, 266, 269, 273, 274, 275, 276, 278, 282, 284, 285, 286, 289, 291, 292, 294, 295, 299, 300, 301, 302, 303, 304, 305, 311, 312, 322, 325, 327, 329, 336, 338, 340, 341, 345, 347, 348, 350, 351, 352, 356, 357, 362, 365, 369, 370, 372, 375, 376, 381, 382, 390, 391, 395, 396, 398, 401, 404, 406, 409, 410, 411, 416, 417, 418, 419, 420, 422, 427, 432, 433, 436, 442, 444, 446, 447, 448, 450, 451, 452, 453, 457, 458, 459, 460, 466, 467, 468, 470, 471, 473, 477, 481, 486, 488, 492, 493, 494, 497, 501, 510, 511, 512, 514, 517, 518, 519, 521, 523, 524, 526, 531, 533, 536, 540, 542, 543, 544, 547, 548, 549, 550, 552, 558, 559, 562, 565, 568, 570, 571, 572, 573, 574, 575, 576, 580, 581, 583, 584, 585, 586, 588, 589, 590, 593, 596, 601, 603, 605, 611, 614, 617, 619, 624, 625, 629, 631, 632, 635, 636, 637, 639, 642, 644, 646, 649, 651, 653, 655, 656, 657, 659, 660, 663, 664, 665, 667, 668, 669, 670, 677, 678, 679, 680, 681, 683, 685, 686, 688, 689, 690, 691, 693, 695, 697, 700, 704, 705, 707, 708, 710, 713, 716, 718, 719, 720, 721, 722, 723, 725, 726, 730, 733, 736, 737, 738, 739, 740, 742, 744, 745, 746, 748, 749, 753, 754, 757, 758, 759, 760, 761, 762, 763, 764, 766, 767, 768, 774, 778, 779, 781, 782, 783, 787, 795, 797, 800, 802, 803, 804, 805, 807, 809, 810, 811, 812, 815, 816, 820, 823, 825, 831, 832, 834, 835, 839, 841, 845, 847, 850, 851, 853, 854, 855, 856, 857, 858, 862, 865, 866, 868, 869, 870, 874, 875, 876, 877, 879, 881, 882, 883, 885, 889, 891, 892, 895, 896, 898, 901, 903, 906, 911, 912, 913, 914, 915, 916, 917, 918, 921, 923, 924, 925, 927, 930, 931, 934, 938, 939, 942, 946, 948, 949, 950, 951, 955, 957, 958, 965, 970, 973, 975, 976, 977, 981, 982, 987, 988, 989, 993, 994, 999, 1000]
k:1
elapsed times: 
0.00017530000000043344
k:3
elapsed times: 
0.0001727999999996399
k:240
elapsed times: 
0.00013130000000138864
k:480
elapsed times: 
8.729999999879112e-05
n= 960
input: 
[0, 1, 2, 3, 4, 5, 6, 7, 8, 9, 10, 11, 13, 14, 15, 16, 17, 18, 19, 21, 22, 23, 24, 25, 26, 27, 28, 29, 30, 31, 32, 33, 34, 35, 36, 37, 38, 39, 40, 41, 42, 44, 45, 46, 47, 48, 49, 50, 51, 52, 53, 54, 55, 56, 57, 59, 60, 61, 62, 63, 65, 66, 67, 68, 69, 70, 71, 72, 73, 74, 75, 76, 77, 78, 79, 80, 81, 82, 83, 84, 85, 86, 87, 88, 89, 90, 91, 92, 93, 94, 95, 96, 97, 98, 100, 101, 102, 103, 104, 105, 106, 107, 108, 109, 111, 112, 113, 114, 115, 116, 117, 118, 119, 120, 121, 122, 123, 124, 125, 126, 127, 128, 129, 130, 131, 132, 133, 134, 136, 137, 138, 139, 140, 141, 142, 143, 144, 145, 146, 147, 148, 149, 150, 151, 152, 154, 155, 156, 157, 159, 161, 162, 163, 164, 165, 166, 167, 168, 169, 170, 171, 172, 173, 174, 175, 176, 177, 178, 179, 180, 181, 182, 183, 184, 185, 186, 187, 188, 189, 190, 191, 192, 193, 194, 195, 196, 197, 198, 199, 200, 201, 202, 203, 204, 205, 206, 207, 208, 209, 210, 211, 212, 213, 214, 215, 216, 217, 218, 219, 220, 221, 222, 223, 224, 225, 226, 227, 228, 230, 231, 232, 233, 234, 235, 236, 237, 238, 239, 240, 241, 243, 244, 246, 247, 248, 249, 250, 251, 252, 253, 254, 255, 256, 257, 258, 259, 260, 261, 262, 263, 264, 265, 266, 267, 268, 269, 270, 271, 272, 273, 274, 275, 276, 277, 278, 279, 280, 281, 282, 283, 284, 285, 286, 287, 288, 289, 290, 291, 292, 293, 294, 295, 296, 297, 298, 299, 300, 301, 302, 303, 304, 305, 306, 307, 308, 309, 310, 311, 312, 313, 314, 315, 316, 317, 318, 319, 320, 321, 322, 323, 324, 325, 326, 327, 328, 329, 330, 331, 332, 333, 334, 335, 336, 337, 338, 339, 340, 341, 342, 343, 344, 345, 346, 347, 348, 349, 350, 352, 353, 354, 355, 357, 358, 359, 360, 361, 362, 363, 364, 366, 367, 368, 369, 370, 371, 372, 373, 374, 375, 376, 377, 378, 379, 380, 381, 382, 383, 384, 385, 386, 387, 388, 389, 390, 391, 392, 393, 394, 395, 396, 397, 398, 399, 400, 401, 402, 404, 405, 406, 407, 408, 409, 410, 411, 412, 413, 414, 415, 416, 417, 418, 419, 420, 421, 422, 423, 424, 425, 427, 428, 429, 430, 431, 432, 433, 434, 435, 436, 437, 438, 439, 440, 441, 442, 443, 444, 445, 446, 447, 448, 449, 450, 451, 452, 453, 454, 455, 456, 457, 458, 459, 460, 461, 462, 463, 464, 465, 466, 467, 468, 469, 470, 471, 472, 473, 474, 475, 476, 477, 478, 479, 480, 481, 482, 483, 484, 485, 486, 487, 488, 489, 490, 491, 492, 493, 494, 495, 496, 497, 498, 499, 500, 501, 503, 504, 505, 506, 507, 508, 509, 510, 511, 513, 514, 515, 516, 517, 518, 519, 520, 522, 523, 524, 525, 526, 527, 528, 529, 530, 531, 532, 533, 534, 536, 537, 538, 539, 540, 541, 542, 543, 544, 545, 546, 547, 548, 549, 550, 551, 552, 554, 555, 556, 557, 558, 559, 560, 561, 562, 563, 564, 565, 566, 567, 568, 569, 570, 571, 572, 573, 574, 575, 576, 577, 578, 579, 580, 581, 582, 583, 584, 585, 586, 587, 588, 589, 590, 591, 592, 593, 594, 595, 596, 597, 598, 599, 600, 601, 602, 603, 604, 605, 606, 607, 608, 609, 610, 611, 612, 613, 614, 615, 616, 617, 618, 619, 620, 621, 622, 623, 624, 625, 627, 628, 629, 630, 631, 632, 634, 635, 636, 637, 638, 639, 640, 641, 642, 643, 644, 645, 646, 647, 648, 649, 650, 651, 652, 653, 654, 655, 656, 657, 658, 660, 661, 662, 663, 664, 665, 666, 667, 668, 669, 670, 671, 672, 673, 674, 675, 676, 677, 678, 679, 680, 681, 682, 683, 684, 685, 686, 687, 688, 689, 690, 691, 692, 693, 694, 695, 696, 697, 698, 699, 700, 701, 702, 703, 704, 706, 707, 708, 709, 710, 711, 712, 713, 714, 716, 717, 718, 719, 720, 721, 722, 723, 724, 725, 726, 727, 728, 729, 730, 731, 732, 733, 734, 735, 736, 737, 738, 739, 740, 741, 742, 743, 744, 745, 746, 747, 748, 749, 750, 751, 752, 753, 754, 756, 757, 758, 759, 760, 761, 762, 763, 764, 765, 766, 767, 768, 769, 770, 771, 772, 773, 774, 775, 776, 777, 778, 779, 780, 781, 782, 783, 784, 785, 786, 787, 788, 789, 790, 791, 792, 794, 795, 796, 797, 799, 800, 801, 802, 804, 805, 806, 807, 808, 809, 810, 811, 812, 813, 814, 815, 816, 817, 818, 819, 820, 821, 822, 823, 824, 826, 827, 828, 829, 830, 831, 833, 834, 835, 836, 837, 838, 839, 840, 841, 842, 844, 845, 846, 847, 849, 850, 851, 852, 853, 854, 855, 856, 857, 858, 859, 860, 861, 863, 864, 865, 866, 867, 868, 869, 870, 871, 872, 873, 874, 875, 876, 877, 878, 879, 880, 881, 882, 883, 885, 886, 887, 888, 889, 890, 891, 892, 893, 894, 895, 896, 897, 898, 899, 900, 902, 903, 904, 905, 906, 907, 908, 909, 910, 911, 912, 913, 914, 915, 916, 917, 918, 919, 920, 921, 922, 923, 924, 925, 926, 927, 928, 929, 930, 931, 932, 933, 934, 935, 936, 937, 938, 939, 940, 941, 942, 943, 944, 945, 946, 947, 948, 949, 950, 951, 952, 953, 954, 955, 956, 957, 958, 959, 960, 961, 962, 963, 964, 965, 966, 967, 968, 969, 970, 971, 972, 973, 974, 975, 976, 977, 978, 979, 980, 981, 982, 983, 984, 985, 986, 987, 989, 990, 991, 992, 993, 994, 995, 996, 997, 998, 999, 1000]
k:1
elapsed times: 
0.0003680999999993162
k:3
elapsed times: 
0.0003628999999989446
k:480
elapsed times: 
0.0002788000000002455
k:960
elapsed times: 
0.00018500000000010175
--------------------------------- REVERSED SORTED ARRAY ---------------------------------

n= 60
input: 
[993, 950, 948, 945, 942, 929, 899, 889, 819, 808, 782, 778, 767, 762, 761, 758, 749, 747, 729, 720, 716, 704, 648, 630, 597, 589, 571, 563, 556, 461, 438, 433, 418, 416, 408, 374, 368, 367, 319, 310, 299, 297, 296, 273, 241, 239, 233, 201, 198, 185, 171, 126, 125, 124, 112, 83, 78, 68, 53, 4]
k:1
elapsed times: 
1.739999999905706e-05
k:3
elapsed times: 
2.179999999896154e-05
k:30
elapsed times: 
1.1399999999994748e-05
k:60
elapsed times: 
7.09999999948252e-06
n= 120
input: 
[997, 996, 983, 976, 975, 966, 961, 958, 957, 950, 937, 912, 909, 907, 905, 904, 881, 863, 856, 843, 838, 833, 829, 823, 817, 811, 805, 797, 791, 779, 777, 764, 756, 750, 743, 739, 734, 733, 727, 725, 721, 713, 696, 695, 683, 671, 670, 667, 648, 647, 646, 643, 632, 631, 629, 628, 625, 619, 613, 589, 580, 557, 544, 536, 530, 526, 521, 499, 495, 492, 488, 478, 468, 465, 427, 395, 394, 363, 351, 346, 343, 330, 315, 308, 291, 288, 279, 268, 264, 262, 233, 223, 220, 215, 204, 193, 192, 191, 181, 176, 170, 160, 150, 143, 127, 121, 120, 101, 82, 59, 50, 46, 45, 33, 30, 23, 19, 13, 8, 6]
k:1
elapsed times: 
5.2399999999508395e-05
k:3
elapsed times: 
3.3699999999470265e-05
k:60
elapsed times: 
2.3900000000409705e-05
k:120
elapsed times: 
1.419999999896504e-05
n= 240
input: 
[998, 997, 996, 990, 982, 980, 978, 977, 971, 960, 950, 945, 943, 938, 929, 926, 922, 921, 916, 908, 906, 903, 901, 898, 893, 891, 887, 886, 884, 877, 876, 875, 873, 872, 861, 854, 850, 846, 844, 840, 831, 829, 828, 821, 818, 804, 801, 797, 777, 775, 772, 771, 769, 767, 765, 763, 762, 761, 759, 752, 736, 735, 733, 728, 725, 722, 719, 716, 715, 712, 708, 704, 702, 701, 694, 693, 690, 683, 678, 677, 670, 669, 667, 663, 662, 653, 641, 636, 615, 614, 605, 603, 602, 599, 598, 593, 589, 588, 586, 585, 577, 576, 575, 570, 569, 564, 563, 554, 553, 546, 545, 544, 540, 536, 531, 528, 526, 523, 521, 515, 514, 509, 507, 506, 503, 502, 500, 496, 491, 490, 483, 482, 481, 479, 477, 468, 466, 463, 457, 451, 446, 441, 440, 437, 426, 424, 413, 412, 407, 405, 401, 398, 397, 396, 387, 386, 382, 375, 369, 366, 364, 350, 349, 347, 345, 343, 340, 336, 335, 333, 327, 325, 323, 315, 310, 306, 304, 301, 299, 297, 296, 289, 282, 281, 279, 277, 268, 267, 264, 253, 251, 240, 237, 232, 220, 215, 209, 203, 195, 175, 174, 150, 147, 141, 140, 137, 127, 124, 123, 120, 118, 117, 115, 101, 94, 91, 88, 85, 84, 83, 81, 80, 78, 74, 72, 69, 66, 65, 64, 63, 40, 36, 32, 31, 30, 22, 15, 14, 5, 4]
k:1
elapsed times: 
7.14999999988919e-05
k:3
elapsed times: 
6.819999999940762e-05
k:120
elapsed times: 
4.989999999871486e-05
k:240
elapsed times: 
2.7700000000407954e-05
n= 480
input: 
[1000, 999, 994, 993, 989, 988, 987, 982, 981, 977, 976, 975, 973, 970, 965, 958, 957, 955, 951, 950, 949, 948, 946, 942, 939, 938, 934, 931, 930, 927, 925, 924, 923, 921, 918, 917, 916, 915, 914, 913, 912, 911, 906, 903, 901, 898, 896, 895, 892, 891, 889, 885, 883, 882, 881, 879, 877, 876, 875, 874, 870, 869, 868, 866, 865, 862, 858, 857, 856, 855, 854, 853, 851, 850, 847, 845, 841, 839, 835, 834, 832, 831, 825, 823, 820, 816, 815, 812, 811, 810, 809, 807, 805, 804, 803, 802, 800, 797, 795, 787, 783, 782, 781, 779, 778, 774, 768, 767, 766, 764, 763, 762, 761, 760, 759, 758, 757, 754, 753, 749, 748, 746, 745, 744, 742, 740, 739, 738, 737, 736, 733, 730, 726, 725, 723, 722, 721, 720, 719, 718, 716, 713, 710, 708, 707, 705, 704, 700, 697, 695, 693, 691, 690, 689, 688, 686, 685, 683, 681, 680, 679, 678, 677, 670, 669, 668, 667, 665, 664, 663, 660, 659, 657, 656, 655, 653, 651, 649, 646, 644, 642, 639, 637, 636, 635, 632, 631, 629, 625, 624, 619, 617, 614, 611, 605, 603, 601, 596, 593, 590, 589, 588, 586, 585, 584, 583, 581, 580, 576, 575, 574, 573, 572, 571, 570, 568, 565, 562, 559, 558, 552, 550, 549, 548, 547, 544, 543, 542, 540, 536, 533, 531, 526, 524, 523, 521, 519, 518, 517, 514, 512, 511, 510, 501, 497, 494, 493, 492, 488, 486, 481, 477, 473, 471, 470, 468, 467, 466, 460, 459, 458, 457, 453, 452, 451, 450, 448, 447, 446, 444, 442, 436, 433, 432, 427, 422, 420, 419, 418, 417, 416, 411, 410, 409, 406, 404, 401, 398, 396, 395, 391, 390, 382, 381, 376, 375, 372, 370, 369, 365, 362, 357, 356, 352, 351, 350, 348, 347, 345, 341, 340, 338, 336, 329, 327, 325, 322, 312, 311, 305, 304, 303, 302, 301, 300, 299, 295, 294, 292, 291, 289, 286, 285, 284, 282, 278, 276, 275, 274, 273, 269, 266, 265, 262, 261, 259, 255, 254, 253, 251, 250, 249, 247, 245, 244, 241, 239, 238, 236, 233, 231, 230, 228, 227, 226, 223, 220, 218, 216, 213, 212, 211, 210, 209, 208, 206, 205, 200, 199, 197, 196, 195, 194, 192, 188, 184, 182, 180, 179, 176, 172, 170, 169, 168, 167, 166, 165, 164, 159, 158, 157, 154, 153, 151, 148, 146, 144, 142, 141, 137, 136, 134, 132, 130, 128, 126, 125, 119, 118, 114, 108, 106, 103, 102, 101, 100, 99, 97, 96, 94, 92, 88, 87, 84, 83, 82, 80, 78, 76, 75, 73, 72, 70, 69, 68, 67, 66, 65, 62, 61, 60, 59, 58, 57, 53, 52, 51, 45, 42, 40, 39, 37, 36, 30, 29, 28, 26, 23, 22, 21, 20, 19, 18, 12, 11, 9, 8, 7, 6, 5]
k:1
elapsed times: 
0.00014879999999983795
k:3
elapsed times: 
0.00014539999999918507
k:240
elapsed times: 
0.00010220000000060736
k:480
elapsed times: 
5.5200000000255045e-05
n= 960
input: 
[1000, 999, 998, 997, 996, 995, 994, 993, 992, 991, 990, 989, 987, 986, 985, 984, 983, 982, 981, 980, 979, 978, 977, 976, 975, 974, 973, 972, 971, 970, 969, 968, 967, 966, 965, 964, 963, 962, 961, 960, 959, 958, 957, 956, 955, 954, 953, 952, 951, 950, 949, 948, 947, 946, 945, 944, 943, 942, 941, 940, 939, 938, 937, 936, 935, 934, 933, 932, 931, 930, 929, 928, 927, 926, 925, 924, 923, 922, 921, 920, 919, 918, 917, 916, 915, 914, 913, 912, 911, 910, 909, 908, 907, 906, 905, 904, 903, 902, 900, 899, 898, 897, 896, 895, 894, 893, 892, 891, 890, 889, 888, 887, 886, 885, 883, 882, 881, 880, 879, 878, 877, 876, 875, 874, 873, 872, 871, 870, 869, 868, 867, 866, 865, 864, 863, 861, 860, 859, 858, 857, 856, 855, 854, 853, 852, 851, 850, 849, 847, 846, 845, 844, 842, 841, 840, 839, 838, 837, 836, 835, 834, 833, 831, 830, 829, 828, 827, 826, 824, 823, 822, 821, 820, 819, 818, 817, 816, 815, 814, 813, 812, 811, 810, 809, 808, 807, 806, 805, 804, 802, 801, 800, 799, 797, 796, 795, 794, 792, 791, 790, 789, 788, 787, 786, 785, 784, 783, 782, 781, 780, 779, 778, 777, 776, 775, 774, 773, 772, 771, 770, 769, 768, 767, 766, 765, 764, 763, 762, 761, 760, 759, 758, 757, 756, 754, 753, 752, 751, 750, 749, 748, 747, 746, 745, 744, 743, 742, 741, 740, 739, 738, 737, 736, 735, 734, 733, 732, 731, 730, 729, 728, 727, 726, 725, 724, 723, 722, 721, 720, 719, 718, 717, 716, 714, 713, 712, 711, 710, 709, 708, 707, 706, 704, 703, 702, 701, 700, 699, 698, 697, 696, 695, 694, 693, 692, 691, 690, 689, 688, 687, 686, 685, 684, 683, 682, 681, 680, 679, 678, 677, 676, 675, 674, 673, 672, 671, 670, 669, 668, 667, 666, 665, 664, 663, 662, 661, 660, 658, 657, 656, 655, 654, 653, 652, 651, 650, 649, 648, 647, 646, 645, 644, 643, 642, 641, 640, 639, 638, 637, 636, 635, 634, 632, 631, 630, 629, 628, 627, 625, 624, 623, 622, 621, 620, 619, 618, 617, 616, 615, 614, 613, 612, 611, 610, 609, 608, 607, 606, 605, 604, 603, 602, 601, 600, 599, 598, 597, 596, 595, 594, 593, 592, 591, 590, 589, 588, 587, 586, 585, 584, 583, 582, 581, 580, 579, 578, 577, 576, 575, 574, 573, 572, 571, 570, 569, 568, 567, 566, 565, 564, 563, 562, 561, 560, 559, 558, 557, 556, 555, 554, 552, 551, 550, 549, 548, 547, 546, 545, 544, 543, 542, 541, 540, 539, 538, 537, 536, 534, 533, 532, 531, 530, 529, 528, 527, 526, 525, 524, 523, 522, 520, 519, 518, 517, 516, 515, 514, 513, 511, 510, 509, 508, 507, 506, 505, 504, 503, 501, 500, 499, 498, 497, 496, 495, 494, 493, 492, 491, 490, 489, 488, 487, 486, 485, 484, 483, 482, 481, 480, 479, 478, 477, 476, 475, 474, 473, 472, 471, 470, 469, 468, 467, 466, 465, 464, 463, 462, 461, 460, 459, 458, 457, 456, 455, 454, 453, 452, 451, 450, 449, 448, 447, 446, 445, 444, 443, 442, 441, 440, 439, 438, 437, 436, 435, 434, 433, 432, 431, 430, 429, 428, 427, 425, 424, 423, 422, 421, 420, 419, 418, 417, 416, 415, 414, 413, 412, 411, 410, 409, 408, 407, 406, 405, 404, 402, 401, 400, 399, 398, 397, 396, 395, 394, 393, 392, 391, 390, 389, 388, 387, 386, 385, 384, 383, 382, 381, 380, 379, 378, 377, 376, 375, 374, 373, 372, 371, 370, 369, 368, 367, 366, 364, 363, 362, 361, 360, 359, 358, 357, 355, 354, 353, 352, 350, 349, 348, 347, 346, 345, 344, 343, 342, 341, 340, 339, 338, 337, 336, 335, 334, 333, 332, 331, 330, 329, 328, 327, 326, 325, 324, 323, 322, 321, 320, 319, 318, 317, 316, 315, 314, 313, 312, 311, 310, 309, 308, 307, 306, 305, 304, 303, 302, 301, 300, 299, 298, 297, 296, 295, 294, 293, 292, 291, 290, 289, 288, 287, 286, 285, 284, 283, 282, 281, 280, 279, 278, 277, 276, 275, 274, 273, 272, 271, 270, 269, 268, 267, 266, 265, 264, 263, 262, 261, 260, 259, 258, 257, 256, 255, 254, 253, 252, 251, 250, 249, 248, 247, 246, 244, 243, 241, 240, 239, 238, 237, 236, 235, 234, 233, 232, 231, 230, 228, 227, 226, 225, 224, 223, 222, 221, 220, 219, 218, 217, 216, 215, 214, 213, 212, 211, 210, 209, 208, 207, 206, 205, 204, 203, 202, 201, 200, 199, 198, 197, 196, 195, 194, 193, 192, 191, 190, 189, 188, 187, 186, 185, 184, 183, 182, 181, 180, 179, 178, 177, 176, 175, 174, 173, 172, 171, 170, 169, 168, 167, 166, 165, 164, 163, 162, 161, 159, 157, 156, 155, 154, 152, 151, 150, 149, 148, 147, 146, 145, 144, 143, 142, 141, 140, 139, 138, 137, 136, 134, 133, 132, 131, 130, 129, 128, 127, 126, 125, 124, 123, 122, 121, 120, 119, 118, 117, 116, 115, 114, 113, 112, 111, 109, 108, 107, 106, 105, 104, 103, 102, 101, 100, 98, 97, 96, 95, 94, 93, 92, 91, 90, 89, 88, 87, 86, 85, 84, 83, 82, 81, 80, 79, 78, 77, 76, 75, 74, 73, 72, 71, 70, 69, 68, 67, 66, 65, 63, 62, 61, 60, 59, 57, 56, 55, 54, 53, 52, 51, 50, 49, 48, 47, 46, 45, 44, 42, 41, 40, 39, 38, 37, 36, 35, 34, 33, 32, 31, 30, 29, 28, 27, 26, 25, 24, 23, 22, 21, 19, 18, 17, 16, 15, 14, 13, 11, 10, 9, 8, 7, 6, 5, 4, 3, 2, 1, 0]
k:1
elapsed times: 
0.00031109999999934246
k:3
elapsed times: 
0.00030429999999981305
k:480
elapsed times: 
0.00021249999999994884
k:960
elapsed times: 
0.00010859999999901504
---------------------------------DUPLICATE ARRAY ---------------------------------

n= 60
input: 
[1, 1, 1, 1, 1, 1, 1, 1, 1, 1, 1, 1, 1, 1, 1, 1, 1, 1, 1, 1, 1, 1, 1, 1, 1, 1, 1, 1, 1, 1, 1, 1, 1, 1, 1, 1, 1, 1, 1, 1, 1, 1, 1, 1, 1, 1, 1, 1, 1, 1, 1, 1, 1, 1, 1, 1, 1, 1, 1, 1]
k:1
elapsed times: 
1.3700000000227419e-05
k:3
elapsed times: 
1.3100000000321188e-05
k:30
elapsed times: 
1.0099999999013676e-05
k:60
elapsed times: 
6.700000000137152e-06
n= 120
input: 
[1, 1, 1, 1, 1, 1, 1, 1, 1, 1, 1, 1, 1, 1, 1, 1, 1, 1, 1, 1, 1, 1, 1, 1, 1, 1, 1, 1, 1, 1, 1, 1, 1, 1, 1, 1, 1, 1, 1, 1, 1, 1, 1, 1, 1, 1, 1, 1, 1, 1, 1, 1, 1, 1, 1, 1, 1, 1, 1, 1, 1, 1, 1, 1, 1, 1, 1, 1, 1, 1, 1, 1, 1, 1, 1, 1, 1, 1, 1, 1, 1, 1, 1, 1, 1, 1, 1, 1, 1, 1, 1, 1, 1, 1, 1, 1, 1, 1, 1, 1, 1, 1, 1, 1, 1, 1, 1, 1, 1, 1, 1, 1, 1, 1, 1, 1, 1, 1, 1, 1]
k:1
elapsed times: 
2.849999999909869e-05
k:3
elapsed times: 
3.129999999984534e-05
k:60
elapsed times: 
2.0700000000317686e-05
k:120
elapsed times: 
1.3200000001489798e-05
n= 240
input: 
[1, 1, 1, 1, 1, 1, 1, 1, 1, 1, 1, 1, 1, 1, 1, 1, 1, 1, 1, 1, 1, 1, 1, 1, 1, 1, 1, 1, 1, 1, 1, 1, 1, 1, 1, 1, 1, 1, 1, 1, 1, 1, 1, 1, 1, 1, 1, 1, 1, 1, 1, 1, 1, 1, 1, 1, 1, 1, 1, 1, 1, 1, 1, 1, 1, 1, 1, 1, 1, 1, 1, 1, 1, 1, 1, 1, 1, 1, 1, 1, 1, 1, 1, 1, 1, 1, 1, 1, 1, 1, 1, 1, 1, 1, 1, 1, 1, 1, 1, 1, 1, 1, 1, 1, 1, 1, 1, 1, 1, 1, 1, 1, 1, 1, 1, 1, 1, 1, 1, 1, 1, 1, 1, 1, 1, 1, 1, 1, 1, 1, 1, 1, 1, 1, 1, 1, 1, 1, 1, 1, 1, 1, 1, 1, 1, 1, 1, 1, 1, 1, 1, 1, 1, 1, 1, 1, 1, 1, 1, 1, 1, 1, 1, 1, 1, 1, 1, 1, 1, 1, 1, 1, 1, 1, 1, 1, 1, 1, 1, 1, 1, 1, 1, 1, 1, 1, 1, 1, 1, 1, 1, 1, 1, 1, 1, 1, 1, 1, 1, 1, 1, 1, 1, 1, 1, 1, 1, 1, 1, 1, 1, 1, 1, 1, 1, 1, 1, 1, 1, 1, 1, 1, 1, 1, 1, 1, 1, 1, 1, 1, 1, 1, 1, 1, 1, 1, 1, 1, 1, 1]
k:1
elapsed times: 
5.6199999999506645e-05
k:3
elapsed times: 
5.610000000011439e-05
k:120
elapsed times: 
4.129999999946676e-05
k:240
elapsed times: 
2.590000000068926e-05
n= 480
input: 
[1, 1, 1, 1, 1, 1, 1, 1, 1, 1, 1, 1, 1, 1, 1, 1, 1, 1, 1, 1, 1, 1, 1, 1, 1, 1, 1, 1, 1, 1, 1, 1, 1, 1, 1, 1, 1, 1, 1, 1, 1, 1, 1, 1, 1, 1, 1, 1, 1, 1, 1, 1, 1, 1, 1, 1, 1, 1, 1, 1, 1, 1, 1, 1, 1, 1, 1, 1, 1, 1, 1, 1, 1, 1, 1, 1, 1, 1, 1, 1, 1, 1, 1, 1, 1, 1, 1, 1, 1, 1, 1, 1, 1, 1, 1, 1, 1, 1, 1, 1, 1, 1, 1, 1, 1, 1, 1, 1, 1, 1, 1, 1, 1, 1, 1, 1, 1, 1, 1, 1, 1, 1, 1, 1, 1, 1, 1, 1, 1, 1, 1, 1, 1, 1, 1, 1, 1, 1, 1, 1, 1, 1, 1, 1, 1, 1, 1, 1, 1, 1, 1, 1, 1, 1, 1, 1, 1, 1, 1, 1, 1, 1, 1, 1, 1, 1, 1, 1, 1, 1, 1, 1, 1, 1, 1, 1, 1, 1, 1, 1, 1, 1, 1, 1, 1, 1, 1, 1, 1, 1, 1, 1, 1, 1, 1, 1, 1, 1, 1, 1, 1, 1, 1, 1, 1, 1, 1, 1, 1, 1, 1, 1, 1, 1, 1, 1, 1, 1, 1, 1, 1, 1, 1, 1, 1, 1, 1, 1, 1, 1, 1, 1, 1, 1, 1, 1, 1, 1, 1, 1, 1, 1, 1, 1, 1, 1, 1, 1, 1, 1, 1, 1, 1, 1, 1, 1, 1, 1, 1, 1, 1, 1, 1, 1, 1, 1, 1, 1, 1, 1, 1, 1, 1, 1, 1, 1, 1, 1, 1, 1, 1, 1, 1, 1, 1, 1, 1, 1, 1, 1, 1, 1, 1, 1, 1, 1, 1, 1, 1, 1, 1, 1, 1, 1, 1, 1, 1, 1, 1, 1, 1, 1, 1, 1, 1, 1, 1, 1, 1, 1, 1, 1, 1, 1, 1, 1, 1, 1, 1, 1, 1, 1, 1, 1, 1, 1, 1, 1, 1, 1, 1, 1, 1, 1, 1, 1, 1, 1, 1, 1, 1, 1, 1, 1, 1, 1, 1, 1, 1, 1, 1, 1, 1, 1, 1, 1, 1, 1, 1, 1, 1, 1, 1, 1, 1, 1, 1, 1, 1, 1, 1, 1, 1, 1, 1, 1, 1, 1, 1, 1, 1, 1, 1, 1, 1, 1, 1, 1, 1, 1, 1, 1, 1, 1, 1, 1, 1, 1, 1, 1, 1, 1, 1, 1, 1, 1, 1, 1, 1, 1, 1, 1, 1, 1, 1, 1, 1, 1, 1, 1, 1, 1, 1, 1, 1, 1, 1, 1, 1, 1, 1, 1, 1, 1, 1, 1, 1, 1, 1, 1, 1, 1, 1, 1, 1, 1, 1, 1, 1, 1, 1, 1, 1, 1, 1, 1, 1, 1, 1, 1, 1, 1, 1, 1, 1, 1, 1, 1, 1, 1]
k:1
elapsed times: 
0.00011579999999966617
k:3
elapsed times: 
0.0001144000000010692
k:240
elapsed times: 
8.410000000047546e-05
k:480
elapsed times: 
5.450000000095656e-05
n= 960
input: 
[1, 1, 1, 1, 1, 1, 1, 1, 1, 1, 1, 1, 1, 1, 1, 1, 1, 1, 1, 1, 1, 1, 1, 1, 1, 1, 1, 1, 1, 1, 1, 1, 1, 1, 1, 1, 1, 1, 1, 1, 1, 1, 1, 1, 1, 1, 1, 1, 1, 1, 1, 1, 1, 1, 1, 1, 1, 1, 1, 1, 1, 1, 1, 1, 1, 1, 1, 1, 1, 1, 1, 1, 1, 1, 1, 1, 1, 1, 1, 1, 1, 1, 1, 1, 1, 1, 1, 1, 1, 1, 1, 1, 1, 1, 1, 1, 1, 1, 1, 1, 1, 1, 1, 1, 1, 1, 1, 1, 1, 1, 1, 1, 1, 1, 1, 1, 1, 1, 1, 1, 1, 1, 1, 1, 1, 1, 1, 1, 1, 1, 1, 1, 1, 1, 1, 1, 1, 1, 1, 1, 1, 1, 1, 1, 1, 1, 1, 1, 1, 1, 1, 1, 1, 1, 1, 1, 1, 1, 1, 1, 1, 1, 1, 1, 1, 1, 1, 1, 1, 1, 1, 1, 1, 1, 1, 1, 1, 1, 1, 1, 1, 1, 1, 1, 1, 1, 1, 1, 1, 1, 1, 1, 1, 1, 1, 1, 1, 1, 1, 1, 1, 1, 1, 1, 1, 1, 1, 1, 1, 1, 1, 1, 1, 1, 1, 1, 1, 1, 1, 1, 1, 1, 1, 1, 1, 1, 1, 1, 1, 1, 1, 1, 1, 1, 1, 1, 1, 1, 1, 1, 1, 1, 1, 1, 1, 1, 1, 1, 1, 1, 1, 1, 1, 1, 1, 1, 1, 1, 1, 1, 1, 1, 1, 1, 1, 1, 1, 1, 1, 1, 1, 1, 1, 1, 1, 1, 1, 1, 1, 1, 1, 1, 1, 1, 1, 1, 1, 1, 1, 1, 1, 1, 1, 1, 1, 1, 1, 1, 1, 1, 1, 1, 1, 1, 1, 1, 1, 1, 1, 1, 1, 1, 1, 1, 1, 1, 1, 1, 1, 1, 1, 1, 1, 1, 1, 1, 1, 1, 1, 1, 1, 1, 1, 1, 1, 1, 1, 1, 1, 1, 1, 1, 1, 1, 1, 1, 1, 1, 1, 1, 1, 1, 1, 1, 1, 1, 1, 1, 1, 1, 1, 1, 1, 1, 1, 1, 1, 1, 1, 1, 1, 1, 1, 1, 1, 1, 1, 1, 1, 1, 1, 1, 1, 1, 1, 1, 1, 1, 1, 1, 1, 1, 1, 1, 1, 1, 1, 1, 1, 1, 1, 1, 1, 1, 1, 1, 1, 1, 1, 1, 1, 1, 1, 1, 1, 1, 1, 1, 1, 1, 1, 1, 1, 1, 1, 1, 1, 1, 1, 1, 1, 1, 1, 1, 1, 1, 1, 1, 1, 1, 1, 1, 1, 1, 1, 1, 1, 1, 1, 1, 1, 1, 1, 1, 1, 1, 1, 1, 1, 1, 1, 1, 1, 1, 1, 1, 1, 1, 1, 1, 1, 1, 1, 1, 1, 1, 1, 1, 1, 1, 1, 1, 1, 1, 1, 1, 1, 1, 1, 1, 1, 1, 1, 1, 1, 1, 1, 1, 1, 1, 1, 1, 1, 1, 1, 1, 1, 1, 1, 1, 1, 1, 1, 1, 1, 1, 1, 1, 1, 1, 1, 1, 1, 1, 1, 1, 1, 1, 1, 1, 1, 1, 1, 1, 1, 1, 1, 1, 1, 1, 1, 1, 1, 1, 1, 1, 1, 1, 1, 1, 1, 1, 1, 1, 1, 1, 1, 1, 1, 1, 1, 1, 1, 1, 1, 1, 1, 1, 1, 1, 1, 1, 1, 1, 1, 1, 1, 1, 1, 1, 1, 1, 1, 1, 1, 1, 1, 1, 1, 1, 1, 1, 1, 1, 1, 1, 1, 1, 1, 1, 1, 1, 1, 1, 1, 1, 1, 1, 1, 1, 1, 1, 1, 1, 1, 1, 1, 1, 1, 1, 1, 1, 1, 1, 1, 1, 1, 1, 1, 1, 1, 1, 1, 1, 1, 1, 1, 1, 1, 1, 1, 1, 1, 1, 1, 1, 1, 1, 1, 1, 1, 1, 1, 1, 1, 1, 1, 1, 1, 1, 1, 1, 1, 1, 1, 1, 1, 1, 1, 1, 1, 1, 1, 1, 1, 1, 1, 1, 1, 1, 1, 1, 1, 1, 1, 1, 1, 1, 1, 1, 1, 1, 1, 1, 1, 1, 1, 1, 1, 1, 1, 1, 1, 1, 1, 1, 1, 1, 1, 1, 1, 1, 1, 1, 1, 1, 1, 1, 1, 1, 1, 1, 1, 1, 1, 1, 1, 1, 1, 1, 1, 1, 1, 1, 1, 1, 1, 1, 1, 1, 1, 1, 1, 1, 1, 1, 1, 1, 1, 1, 1, 1, 1, 1, 1, 1, 1, 1, 1, 1, 1, 1, 1, 1, 1, 1, 1, 1, 1, 1, 1, 1, 1, 1, 1, 1, 1, 1, 1, 1, 1, 1, 1, 1, 1, 1, 1, 1, 1, 1, 1, 1, 1, 1, 1, 1, 1, 1, 1, 1, 1, 1, 1, 1, 1, 1, 1, 1, 1, 1, 1, 1, 1, 1, 1, 1, 1, 1, 1, 1, 1, 1, 1, 1, 1, 1, 1, 1, 1, 1, 1, 1, 1, 1, 1, 1, 1, 1, 1, 1, 1, 1, 1, 1, 1, 1, 1, 1, 1, 1, 1, 1, 1, 1, 1, 1, 1, 1, 1, 1, 1, 1, 1, 1, 1, 1, 1, 1, 1, 1, 1, 1, 1, 1, 1, 1, 1, 1, 1, 1, 1, 1, 1, 1, 1, 1, 1, 1, 1, 1, 1, 1, 1, 1, 1, 1, 1, 1, 1, 1, 1, 1, 1, 1, 1, 1, 1, 1, 1, 1, 1, 1, 1, 1, 1, 1, 1, 1, 1, 1, 1, 1, 1, 1, 1, 1, 1, 1, 1, 1, 1, 1, 1, 1, 1, 1, 1, 1, 1, 1, 1, 1, 1, 1, 1, 1, 1, 1, 1, 1, 1, 1, 1, 1, 1, 1, 1, 1, 1, 1]
k:1
elapsed times: 
0.0002353999999993306
k:3
elapsed times: 
0.00023559999999989145
k:480
elapsed times: 
0.00017079999999936035
k:960
elapsed times: 
0.00010529999999953077
--------------------------------- AVERAGE ---------------------------------

Average when k:3
elapsed times: 
[1.96200000001312e-05, 5.790000000018836e-05, 0.00013690000000003976, 0.00034009999999966566, 0.0008265999999998996]