quickselectsort anaylsis

--------------------------------- INITIAL ARRAY ---------------------------------

n= 60
input: 
[746, 106, 287, 956, 973, 150, 143, 974, 561, 132, 995, 682, 157, 506, 291, 724, 195, 248, 126, 61, 499, 611, 603, 94, 722, 353, 226, 706, 171, 188, 687, 811, 605, 450, 767, 949, 360, 621, 257, 983, 735, 22, 713, 209, 895, 516, 436, 383, 771, 589, 120, 863, 871, 224, 684, 967, 570, 49, 972, 489]
k= 1
elapsed times: 
1.4999999997655777e-06
k= 3
elapsed times: 
8.999999998593466e-07
k= 30
elapsed times: 
9.999999992515995e-07
k= 60
elapsed times: 
8.999999998593466e-07
n= 120
input: 
[81, 469, 325, 547, 934, 567, 339, 747, 104, 994, 225, 395, 522, 70, 754, 180, 157, 293, 216, 731, 91, 766, 205, 874, 734, 185, 880, 139, 830, 5, 631, 0, 120, 556, 528, 941, 643, 783, 866, 137, 51, 193, 870, 739, 544, 960, 349, 498, 28, 178, 782, 872, 915, 73, 683, 574, 158, 253, 752, 972, 299, 350, 460, 304, 303, 115, 589, 595, 169, 971, 989, 897, 2, 414, 424, 257, 680, 403, 69, 79, 999, 798, 231, 273, 226, 465, 312, 199, 651, 709, 416, 585, 711, 538, 375, 38, 518, 360, 799, 733, 328, 1000, 102, 491, 857, 181, 429, 160, 576, 149, 143, 599, 141, 716, 281, 767, 927, 450, 368, 346]
k= 1
elapsed times: 
1.3000000000928935e-06
k= 3
elapsed times: 
1.2000000007006406e-06
k= 60
elapsed times: 
1.3000000000928935e-06
k= 120
elapsed times: 
1.1999999998124622e-06
n= 240
input: 
[316, 675, 87, 21, 262, 713, 502, 634, 259, 809, 132, 247, 697, 915, 260, 578, 875, 492, 693, 504, 85, 445, 228, 90, 442, 980, 778, 979, 766, 124, 327, 912, 932, 903, 190, 624, 631, 69, 101, 170, 630, 657, 966, 80, 843, 434, 506, 365, 818, 722, 319, 907, 387, 133, 199, 864, 37, 196, 732, 649, 664, 849, 724, 559, 411, 702, 518, 537, 310, 471, 891, 282, 784, 128, 523, 253, 950, 24, 422, 856, 568, 547, 828, 448, 357, 212, 771, 716, 156, 731, 95, 401, 473, 376, 953, 337, 383, 189, 172, 393, 513, 410, 29, 421, 306, 203, 690, 647, 160, 853, 205, 311, 855, 606, 800, 272, 902, 952, 913, 76, 666, 487, 640, 382, 117, 38, 294, 623, 103, 186, 113, 743, 858, 399, 250, 673, 60, 928, 678, 98, 343, 820, 40, 274, 377, 342, 204, 775, 862, 404, 462, 526, 324, 917, 299, 622, 908, 925, 921, 898, 200, 709, 854, 991, 560, 418, 54, 762, 465, 125, 36, 130, 271, 573, 144, 91, 911, 896, 878, 75, 706, 681, 561, 960, 572, 364, 652, 165, 195, 720, 65, 232, 221, 847, 686, 570, 956, 508, 158, 500, 998, 424, 379, 322, 918, 569, 406, 754, 607, 554, 362, 441, 70, 455, 452, 556, 493, 744, 236, 381, 414, 614, 398, 389, 231, 522, 466, 314, 894, 627, 656, 495, 420, 848, 938, 180, 149, 591, 822, 140]
k= 1
elapsed times: 
1.1000000004202093e-06
k= 3
elapsed times: 
7.999999995789153e-07
k= 120
elapsed times: 
8.000000004670937e-07
k= 240
elapsed times: 
7.999999995789153e-07
n= 480
input: 
[544, 384, 425, 1000, 600, 116, 416, 746, 689, 485, 868, 213, 401, 662, 420, 940, 4, 156, 436, 923, 628, 832, 538, 754, 292, 141, 329, 620, 143, 543, 55, 374, 340, 493, 709, 220, 948, 592, 951, 593, 890, 690, 666, 239, 866, 599, 410, 491, 194, 594, 549, 58, 167, 799, 703, 586, 876, 132, 714, 92, 386, 20, 924, 649, 664, 487, 433, 946, 127, 618, 501, 40, 700, 741, 444, 728, 343, 5, 328, 393, 725, 633, 461, 108, 215, 985, 480, 254, 827, 637, 139, 540, 564, 214, 448, 273, 735, 465, 364, 38, 412, 203, 204, 131, 31, 219, 414, 824, 229, 325, 887, 687, 63, 993, 883, 300, 682, 917, 558, 291, 888, 263, 626, 454, 551, 61, 406, 850, 576, 693, 803, 56, 337, 983, 285, 174, 281, 259, 245, 635, 53, 81, 282, 670, 94, 396, 347, 630, 708, 721, 842, 651, 49, 294, 831, 563, 765, 796, 390, 988, 862, 939, 288, 342, 395, 246, 685, 847, 794, 256, 80, 484, 255, 881, 200, 966, 159, 696, 44, 11, 355, 184, 891, 990, 293, 950, 880, 870, 290, 793, 0, 800, 315, 70, 72, 357, 427, 6, 930, 222, 415, 835, 499, 190, 512, 875, 66, 221, 702, 316, 772, 18, 296, 202, 354, 22, 560, 588, 652, 608, 840, 232, 209, 763, 8, 289, 476, 149, 298, 409, 553, 787, 852, 929, 975, 816, 590, 515, 791, 919, 243, 947, 846, 528, 573, 547, 185, 727, 497, 902, 97, 756, 937, 650, 527, 760, 50, 570, 79, 113, 843, 453, 523, 723, 266, 921, 677, 176, 87, 208, 391, 742, 849, 428, 332, 922, 32, 28, 117, 976, 314, 908, 812, 996, 556, 554, 707, 10, 681, 398, 639, 128, 366, 529, 9, 579, 550, 601, 238, 526, 865, 767, 790, 867, 848, 792, 101, 173, 984, 449, 683, 483, 739, 778, 471, 34, 806, 397, 624, 1, 41, 378, 972, 407, 568, 205, 534, 451, 830, 506, 107, 521, 913, 879, 217, 356, 684, 437, 120, 468, 206, 195, 78, 82, 688, 341, 613, 47, 46, 892, 994, 109, 732, 559, 761, 240, 905, 874, 915, 377, 997, 658, 697, 542, 680, 851, 631, 967, 747, 188, 88, 500, 671, 145, 137, 373, 148, 105, 555, 837, 904, 15, 19, 440, 873, 750, 936, 110, 679, 284, 370, 162, 71, 307, 478, 447, 999, 456, 306, 811, 89, 610, 166, 236, 179, 434, 979, 508, 786, 667, 191, 841, 269, 458, 914, 43, 745, 509, 699, 668, 317, 957, 977, 26, 992, 24, 443, 885, 68, 918, 740, 387, 691, 405, 898, 277, 611, 596, 150, 569, 312, 154, 582, 931, 488, 546, 359, 863, 111, 339, 781, 648, 854, 74, 916, 106, 402, 907, 321, 446, 758, 604, 404, 460, 964, 655, 989, 142, 201, 381, 479, 705, 659, 589, 673, 327, 561, 507, 531, 581]
k= 1
elapsed times: 
6.700000000137152e-06
k= 3
elapsed times: 
6.800000000417583e-06
k= 240
elapsed times: 
6.5999999998567205e-06
k= 480
elapsed times: 
6.799999999529405e-06
n= 960
input: 
[312, 920, 904, 298, 43, 210, 667, 807, 371, 25, 470, 387, 221, 526, 731, 64, 936, 150, 923, 92, 781, 547, 316, 233, 603, 485, 635, 130, 334, 351, 79, 876, 861, 481, 513, 947, 97, 110, 881, 820, 347, 195, 214, 309, 154, 833, 246, 897, 863, 709, 260, 642, 649, 86, 818, 278, 468, 887, 544, 442, 146, 151, 166, 783, 267, 231, 791, 501, 677, 768, 219, 535, 89, 950, 332, 915, 269, 476, 115, 692, 81, 743, 785, 169, 182, 362, 802, 578, 20, 540, 851, 579, 829, 685, 460, 559, 793, 530, 528, 992, 832, 106, 202, 185, 860, 100, 507, 680, 418, 367, 961, 546, 532, 858, 411, 561, 650, 842, 76, 615, 373, 662, 777, 878, 497, 315, 909, 52, 57, 136, 581, 690, 74, 290, 84, 329, 239, 939, 737, 414, 875, 749, 539, 78, 594, 886, 174, 38, 636, 116, 762, 423, 62, 698, 942, 341, 32, 754, 378, 612, 639, 455, 184, 652, 379, 734, 487, 430, 660, 56, 162, 26, 839, 248, 614, 489, 973, 435, 406, 187, 626, 823, 846, 672, 46, 778, 264, 746, 385, 916, 798, 491, 297, 787, 866, 586, 830, 218, 450, 274, 906, 716, 641, 113, 145, 726, 669, 55, 627, 331, 217, 624, 872, 592, 417, 724, 659, 968, 211, 7, 109, 658, 543, 463, 747, 112, 101, 651, 190, 809, 471, 103, 720, 409, 443, 301, 885, 10, 959, 880, 299, 893, 761, 243, 549, 999, 276, 971, 466, 114, 983, 143, 707, 172, 376, 506, 15, 377, 555, 402, 673, 774, 69, 293, 575, 321, 806, 178, 344, 257, 675, 205, 733, 265, 742, 910, 719, 775, 27, 275, 90, 333, 176, 327, 744, 790, 511, 814, 335, 170, 41, 49, 671, 129, 607, 164, 183, 610, 71, 503, 962, 803, 632, 111, 710, 283, 153, 911, 255, 940, 261, 638, 220, 310, 854, 421, 536, 569, 258, 262, 864, 873, 824, 729, 927, 343, 244, 819, 404, 204, 732, 799, 750, 630, 764, 42, 946, 925, 653, 847, 484, 199, 686, 524, 568, 554, 340, 303, 400, 784, 902, 903, 813, 700, 713, 921, 551, 565, 18, 956, 105, 160, 812, 173, 912, 688, 849, 360, 370, 307, 721, 238, 108, 126, 120, 661, 944, 420, 656, 88, 938, 759, 811, 701, 82, 392, 531, 354, 305, 252, 67, 919, 596, 917, 155, 51, 247, 492, 678, 464, 591, 426, 704, 705, 302, 93, 4, 308, 328, 437, 585, 98, 616, 978, 355, 296, 943, 766, 655, 621, 348, 523, 438, 478, 60, 868, 39, 755, 712, 564, 50, 623, 188, 714, 889, 407, 772, 75, 68, 31, 21, 229, 374, 855, 394, 447, 805, 631, 629, 571, 422, 273, 945, 679, 974, 451, 270, 91, 3, 951, 445, 582, 186, 61, 995, 515, 722, 389, 28, 156, 391, 617, 99, 682, 815, 990, 268, 254, 58, 552, 295, 161, 836, 894, 37, 22, 828, 465, 224, 862, 225, 368, 212, 986, 792, 249, 929, 963, 991, 366, 256, 589, 363, 189, 139, 600, 958, 736, 311, 313, 593, 192, 24, 558, 604, 440, 957, 879, 753, 398, 453, 988, 789, 844, 588, 608, 397, 102, 227, 663, 209, 235, 19, 338, 454, 251, 456, 576, 857, 65, 725, 518, 681, 831, 196, 0, 317, 560, 935, 890, 562, 654, 44, 271, 926, 203, 534, 517, 500, 572, 163, 285, 222, 900, 165, 767, 125, 896, 998, 353, 597, 984, 87, 748, 899, 745, 993, 141, 279, 386, 628, 253, 982, 542, 696, 665, 522, 548, 780, 796, 342, 121, 131, 14, 223, 970, 448, 228, 294, 952, 439, 449, 80, 36, 804, 987, 779, 408, 357, 514, 687, 122, 266, 613, 695, 895, 167, 888, 213, 765, 482, 410, 827, 874, 73, 215, 570, 529, 969, 429, 372, 717, 171, 574, 602, 865, 493, 359, 444, 350, 504, 177, 931, 272, 300, 83, 425, 800, 898, 580, 490, 401, 289, 967, 241, 16, 134, 159, 975, 782, 691, 694, 668, 595, 157, 459, 609, 516, 618, 510, 689, 245, 647, 840, 852, 433, 336, 892, 207, 521, 834, 730, 583, 180, 933, 980, 286, 637, 520, 715, 226, 45, 292, 95, 330, 277, 5, 703, 769, 525, 181, 573, 30, 512, 871, 9, 499, 930, 853, 670, 458, 388, 590, 179, 527, 135, 960, 480, 427, 232, 403, 63, 646, 462, 133, 434, 436, 723, 325, 280, 416, 72, 697, 237, 140, 104, 538, 908, 208, 35, 533, 537, 168, 365, 12, 634, 741, 319, 495, 282, 550, 393, 118, 979, 922, 216, 817, 431, 356, 821, 718, 666, 242, 683, 382, 918, 40, 816, 33, 473, 795, 625, 281, 949, 786, 826, 54, 477, 405, 557, 505, 324, 567, 152, 996, 735, 475, 758, 997, 773, 284, 882, 381, 6, 339, 619, 674, 502, 577, 848, 412, 788, 891, 345, 201, 563, 230, 870, 474, 144, 234, 469, 883, 47, 808, 142, 509, 924, 953, 622, 702, 149, 620, 601, 250, 760, 739, 771, 1, 11, 413, 859, 838, 907, 751, 193, 498, 124, 364, 676, 472, 66, 486, 236, 352, 598, 727, 981, 318, 23, 70, 708, 937, 2, 825, 34, 263, 326, 194, 127, 304, 964, 941, 147, 989, 763, 699, 965, 441, 390, 287, 794, 801, 966, 320, 48, 905, 123, 461, 640, 288, 757, 17, 452, 494, 361, 415, 395, 306, 645, 684, 446, 706, 198, 117, 383, 483, 884, 59, 175, 240, 977, 752, 369, 740, 323, 756, 96, 657, 291, 850, 337, 972, 424, 488, 29, 53, 843, 8, 399, 867, 841, 611, 932, 396, 738, 856, 467, 566, 322, 380, 349, 810, 85, 148, 837, 976, 948, 822, 928, 556, 496, 797, 955, 644, 728, 954, 693, 633, 358, 375, 314, 77, 901, 191, 711, 346, 384, 913, 648]
k= 1
elapsed times: 
1.8999999999991246e-06
k= 3
elapsed times: 
1.7000000003264404e-06
k= 480
elapsed times: 
1.600000000046009e-06
k= 960
elapsed times: 
1.5000000006537562e-06
--------------------------------- SORTED ARRAY ---------------------------------

n= 60
input: 
[22, 49, 61, 94, 106, 120, 126, 132, 143, 150, 157, 171, 188, 195, 209, 224, 226, 248, 257, 287, 291, 353, 360, 383, 436, 450, 489, 499, 506, 516, 561, 570, 589, 603, 605, 611, 621, 682, 684, 687, 706, 713, 722, 724, 735, 746, 767, 771, 811, 863, 871, 895, 949, 956, 967, 972, 973, 974, 983, 995]
k= 1
elapsed times: 
5.699999999997374e-06
k= 3
elapsed times: 
5.5999999997169425e-06
k= 30
elapsed times: 
5.699999999997374e-06
k= 60
elapsed times: 
5.50000000032469e-06
n= 120
input: 
[0, 2, 5, 28, 38, 51, 69, 70, 73, 79, 81, 91, 102, 104, 115, 120, 137, 139, 141, 143, 149, 157, 158, 160, 169, 178, 180, 181, 185, 193, 199, 205, 216, 225, 226, 231, 253, 257, 273, 281, 293, 299, 303, 304, 312, 325, 328, 339, 346, 349, 350, 360, 368, 375, 395, 403, 414, 416, 424, 429, 450, 460, 465, 469, 491, 498, 518, 522, 528, 538, 544, 547, 556, 567, 574, 576, 585, 589, 595, 599, 631, 643, 651, 680, 683, 709, 711, 716, 731, 733, 734, 739, 747, 752, 754, 766, 767, 782, 783, 798, 799, 830, 857, 866, 870, 872, 874, 880, 897, 915, 927, 934, 941, 960, 971, 972, 989, 994, 999, 1000]
k= 1
elapsed times: 
1.1499999999387e-05
k= 3
elapsed times: 
1.1399999999994748e-05
k= 60
elapsed times: 
1.1399999999994748e-05
k= 120
elapsed times: 
1.1399999999994748e-05
n= 240
input: 
[21, 24, 29, 36, 37, 38, 40, 54, 60, 65, 69, 70, 75, 76, 80, 85, 87, 90, 91, 95, 98, 101, 103, 113, 117, 124, 125, 128, 130, 132, 133, 140, 144, 149, 156, 158, 160, 165, 170, 172, 180, 186, 189, 190, 195, 196, 199, 200, 203, 204, 205, 212, 221, 228, 231, 232, 236, 247, 250, 253, 259, 260, 262, 271, 272, 274, 282, 294, 299, 306, 310, 311, 314, 316, 319, 322, 324, 327, 337, 342, 343, 357, 362, 364, 365, 376, 377, 379, 381, 382, 383, 387, 389, 393, 398, 399, 401, 404, 406, 410, 411, 414, 418, 420, 421, 422, 424, 434, 441, 442, 445, 448, 452, 455, 462, 465, 466, 471, 473, 487, 492, 493, 495, 500, 502, 504, 506, 508, 513, 518, 522, 523, 526, 537, 547, 554, 556, 559, 560, 561, 568, 569, 570, 572, 573, 578, 591, 606, 607, 614, 622, 623, 624, 627, 630, 631, 634, 640, 647, 649, 652, 656, 657, 664, 666, 673, 675, 678, 681, 686, 690, 693, 697, 702, 706, 709, 713, 716, 720, 722, 724, 731, 732, 743, 744, 754, 762, 766, 771, 775, 778, 784, 800, 809, 818, 820, 822, 828, 843, 847, 848, 849, 853, 854, 855, 856, 858, 862, 864, 875, 878, 891, 894, 896, 898, 902, 903, 907, 908, 911, 912, 913, 915, 917, 918, 921, 925, 928, 932, 938, 950, 952, 953, 956, 960, 966, 979, 980, 991, 998]
k= 1
elapsed times: 
2.2599999999428633e-05
k= 3
elapsed times: 
2.2900000000269927e-05
k= 120
elapsed times: 
2.299999999966218e-05
k= 240
elapsed times: 
2.2599999999428633e-05
n= 480
input: 
[0, 1, 4, 5, 6, 8, 9, 10, 11, 15, 18, 19, 20, 22, 24, 26, 28, 31, 32, 34, 38, 40, 41, 43, 44, 46, 47, 49, 50, 53, 55, 56, 58, 61, 63, 66, 68, 70, 71, 72, 74, 78, 79, 80, 81, 82, 87, 88, 89, 92, 94, 97, 101, 105, 106, 107, 108, 109, 110, 111, 113, 116, 117, 120, 127, 128, 131, 132, 137, 139, 141, 142, 143, 145, 148, 149, 150, 154, 156, 159, 162, 166, 167, 173, 174, 176, 179, 184, 185, 188, 190, 191, 194, 195, 200, 201, 202, 203, 204, 205, 206, 208, 209, 213, 214, 215, 217, 219, 220, 221, 222, 229, 232, 236, 238, 239, 240, 243, 245, 246, 254, 255, 256, 259, 263, 266, 269, 273, 277, 281, 282, 284, 285, 288, 289, 290, 291, 292, 293, 294, 296, 298, 300, 306, 307, 312, 314, 315, 316, 317, 321, 325, 327, 328, 329, 332, 337, 339, 340, 341, 342, 343, 347, 354, 355, 356, 357, 359, 364, 366, 370, 373, 374, 377, 378, 381, 384, 386, 387, 390, 391, 393, 395, 396, 397, 398, 401, 402, 404, 405, 406, 407, 409, 410, 412, 414, 415, 416, 420, 425, 427, 428, 433, 434, 436, 437, 440, 443, 444, 446, 447, 448, 449, 451, 453, 454, 456, 458, 460, 461, 465, 468, 471, 476, 478, 479, 480, 483, 484, 485, 487, 488, 491, 493, 497, 499, 500, 501, 506, 507, 508, 509, 512, 515, 521, 523, 526, 527, 528, 529, 531, 534, 538, 540, 542, 543, 544, 546, 547, 549, 550, 551, 553, 554, 555, 556, 558, 559, 560, 561, 563, 564, 568, 569, 570, 573, 576, 579, 581, 582, 586, 588, 589, 590, 592, 593, 594, 596, 599, 600, 601, 604, 608, 610, 611, 613, 618, 620, 624, 626, 628, 630, 631, 633, 635, 637, 639, 648, 649, 650, 651, 652, 655, 658, 659, 662, 664, 666, 667, 668, 670, 671, 673, 677, 679, 680, 681, 682, 683, 684, 685, 687, 688, 689, 690, 691, 693, 696, 697, 699, 700, 702, 703, 705, 707, 708, 709, 714, 721, 723, 725, 727, 728, 732, 735, 739, 740, 741, 742, 745, 746, 747, 750, 754, 756, 758, 760, 761, 763, 765, 767, 772, 778, 781, 786, 787, 790, 791, 792, 793, 794, 796, 799, 800, 803, 806, 811, 812, 816, 824, 827, 830, 831, 832, 835, 837, 840, 841, 842, 843, 846, 847, 848, 849, 850, 851, 852, 854, 862, 863, 865, 866, 867, 868, 870, 873, 874, 875, 876, 879, 880, 881, 883, 885, 887, 888, 890, 891, 892, 898, 902, 904, 905, 907, 908, 913, 914, 915, 916, 917, 918, 919, 921, 922, 923, 924, 929, 930, 931, 936, 937, 939, 940, 946, 947, 948, 950, 951, 957, 964, 966, 967, 972, 975, 976, 977, 979, 983, 984, 985, 988, 989, 990, 992, 993, 994, 996, 997, 999, 1000]
k= 1
elapsed times: 
4.7499999999978115e-05
k= 3
elapsed times: 
4.619999999988522e-05
k= 240
elapsed times: 
4.6399999999557906e-05
k= 480
elapsed times: 
4.610000000049297e-05
n= 960
input: 
[0, 1, 2, 3, 4, 5, 6, 7, 8, 9, 10, 11, 12, 14, 15, 16, 17, 18, 19, 20, 21, 22, 23, 24, 25, 26, 27, 28, 29, 30, 31, 32, 33, 34, 35, 36, 37, 38, 39, 40, 41, 42, 43, 44, 45, 46, 47, 48, 49, 50, 51, 52, 53, 54, 55, 56, 57, 58, 59, 60, 61, 62, 63, 64, 65, 66, 67, 68, 69, 70, 71, 72, 73, 74, 75, 76, 77, 78, 79, 80, 81, 82, 83, 84, 85, 86, 87, 88, 89, 90, 91, 92, 93, 95, 96, 97, 98, 99, 100, 101, 102, 103, 104, 105, 106, 108, 109, 110, 111, 112, 113, 114, 115, 116, 117, 118, 120, 121, 122, 123, 124, 125, 126, 127, 129, 130, 131, 133, 134, 135, 136, 139, 140, 141, 142, 143, 144, 145, 146, 147, 148, 149, 150, 151, 152, 153, 154, 155, 156, 157, 159, 160, 161, 162, 163, 164, 165, 166, 167, 168, 169, 170, 171, 172, 173, 174, 175, 176, 177, 178, 179, 180, 181, 182, 183, 184, 185, 186, 187, 188, 189, 190, 191, 192, 193, 194, 195, 196, 198, 199, 201, 202, 203, 204, 205, 207, 208, 209, 210, 211, 212, 213, 214, 215, 216, 217, 218, 219, 220, 221, 222, 223, 224, 225, 226, 227, 228, 229, 230, 231, 232, 233, 234, 235, 236, 237, 238, 239, 240, 241, 242, 243, 244, 245, 246, 247, 248, 249, 250, 251, 252, 253, 254, 255, 256, 257, 258, 260, 261, 262, 263, 264, 265, 266, 267, 268, 269, 270, 271, 272, 273, 274, 275, 276, 277, 278, 279, 280, 281, 282, 283, 284, 285, 286, 287, 288, 289, 290, 291, 292, 293, 294, 295, 296, 297, 298, 299, 300, 301, 302, 303, 304, 305, 306, 307, 308, 309, 310, 311, 312, 313, 314, 315, 316, 317, 318, 319, 320, 321, 322, 323, 324, 325, 326, 327, 328, 329, 330, 331, 332, 333, 334, 335, 336, 337, 338, 339, 340, 341, 342, 343, 344, 345, 346, 347, 348, 349, 350, 351, 352, 353, 354, 355, 356, 357, 358, 359, 360, 361, 362, 363, 364, 365, 366, 367, 368, 369, 370, 371, 372, 373, 374, 375, 376, 377, 378, 379, 380, 381, 382, 383, 384, 385, 386, 387, 388, 389, 390, 391, 392, 393, 394, 395, 396, 397, 398, 399, 400, 401, 402, 403, 404, 405, 406, 407, 408, 409, 410, 411, 412, 413, 414, 415, 416, 417, 418, 420, 421, 422, 423, 424, 425, 426, 427, 429, 430, 431, 433, 434, 435, 436, 437, 438, 439, 440, 441, 442, 443, 444, 445, 446, 447, 448, 449, 450, 451, 452, 453, 454, 455, 456, 458, 459, 460, 461, 462, 463, 464, 465, 466, 467, 468, 469, 470, 471, 472, 473, 474, 475, 476, 477, 478, 480, 481, 482, 483, 484, 485, 486, 487, 488, 489, 490, 491, 492, 493, 494, 495, 496, 497, 498, 499, 500, 501, 502, 503, 504, 505, 506, 507, 509, 510, 511, 512, 513, 514, 515, 516, 517, 518, 520, 521, 522, 523, 524, 525, 526, 527, 528, 529, 530, 531, 532, 533, 534, 535, 536, 537, 538, 539, 540, 542, 543, 544, 546, 547, 548, 549, 550, 551, 552, 554, 555, 556, 557, 558, 559, 560, 561, 562, 563, 564, 565, 566, 567, 568, 569, 570, 571, 572, 573, 574, 575, 576, 577, 578, 579, 580, 581, 582, 583, 585, 586, 588, 589, 590, 591, 592, 593, 594, 595, 596, 597, 598, 600, 601, 602, 603, 604, 607, 608, 609, 610, 611, 612, 613, 614, 615, 616, 617, 618, 619, 620, 621, 622, 623, 624, 625, 626, 627, 628, 629, 630, 631, 632, 633, 634, 635, 636, 637, 638, 639, 640, 641, 642, 644, 645, 646, 647, 648, 649, 650, 651, 652, 653, 654, 655, 656, 657, 658, 659, 660, 661, 662, 663, 665, 666, 667, 668, 669, 670, 671, 672, 673, 674, 675, 676, 677, 678, 679, 680, 681, 682, 683, 684, 685, 686, 687, 688, 689, 690, 691, 692, 693, 694, 695, 696, 697, 698, 699, 700, 701, 702, 703, 704, 705, 706, 707, 708, 709, 710, 711, 712, 713, 714, 715, 716, 717, 718, 719, 720, 721, 722, 723, 724, 725, 726, 727, 728, 729, 730, 731, 732, 733, 734, 735, 736, 737, 738, 739, 740, 741, 742, 743, 744, 745, 746, 747, 748, 749, 750, 751, 752, 753, 754, 755, 756, 757, 758, 759, 760, 761, 762, 763, 764, 765, 766, 767, 768, 769, 771, 772, 773, 774, 775, 777, 778, 779, 780, 781, 782, 783, 784, 785, 786, 787, 788, 789, 790, 791, 792, 793, 794, 795, 796, 797, 798, 799, 800, 801, 802, 803, 804, 805, 806, 807, 808, 809, 810, 811, 812, 813, 814, 815, 816, 817, 818, 819, 820, 821, 822, 823, 824, 825, 826, 827, 828, 829, 830, 831, 832, 833, 834, 836, 837, 838, 839, 840, 841, 842, 843, 844, 846, 847, 848, 849, 850, 851, 852, 853, 854, 855, 856, 857, 858, 859, 860, 861, 862, 863, 864, 865, 866, 867, 868, 870, 871, 872, 873, 874, 875, 876, 878, 879, 880, 881, 882, 883, 884, 885, 886, 887, 888, 889, 890, 891, 892, 893, 894, 895, 896, 897, 898, 899, 900, 901, 902, 903, 904, 905, 906, 907, 908, 909, 910, 911, 912, 913, 915, 916, 917, 918, 919, 920, 921, 922, 923, 924, 925, 926, 927, 928, 929, 930, 931, 932, 933, 935, 936, 937, 938, 939, 940, 941, 942, 943, 944, 945, 946, 947, 948, 949, 950, 951, 952, 953, 954, 955, 956, 957, 958, 959, 960, 961, 962, 963, 964, 965, 966, 967, 968, 969, 970, 971, 972, 973, 974, 975, 976, 977, 978, 979, 980, 981, 982, 983, 984, 986, 987, 988, 989, 990, 991, 992, 993, 995, 996, 997, 998, 999]
k= 1
elapsed times: 
9.429999999976957e-05
k= 3
elapsed times: 
9.420000000037732e-05
k= 480
elapsed times: 
9.450000000033043e-05
k= 960
elapsed times: 
9.410000000009688e-05
--------------------------------- REVERSED SORTED ARRAY ---------------------------------

n= 60
input: 
[995, 983, 974, 973, 972, 967, 956, 949, 895, 871, 863, 811, 771, 767, 746, 735, 724, 722, 713, 706, 687, 684, 682, 621, 611, 605, 603, 589, 570, 561, 516, 506, 499, 489, 450, 436, 383, 360, 353, 291, 287, 257, 248, 226, 224, 209, 195, 188, 171, 157, 150, 143, 132, 126, 120, 106, 94, 61, 49, 22]
k= 1
elapsed times: 
5.999999999950489e-06
k= 3
elapsed times: 
5.699999999997374e-06
k= 30
elapsed times: 
5.799999999389627e-06
k= 60
elapsed times: 
5.9000000005582365e-06
n= 120
input: 
[1000, 999, 994, 989, 972, 971, 960, 941, 934, 927, 915, 897, 880, 874, 872, 870, 866, 857, 830, 799, 798, 783, 782, 767, 766, 754, 752, 747, 739, 734, 733, 731, 716, 711, 709, 683, 680, 651, 643, 631, 599, 595, 589, 585, 576, 574, 567, 556, 547, 544, 538, 528, 522, 518, 498, 491, 469, 465, 460, 450, 429, 424, 416, 414, 403, 395, 375, 368, 360, 350, 349, 346, 339, 328, 325, 312, 304, 303, 299, 293, 281, 273, 257, 253, 231, 226, 225, 216, 205, 199, 193, 185, 181, 180, 178, 169, 160, 158, 157, 149, 143, 141, 139, 137, 120, 115, 104, 102, 91, 81, 79, 73, 70, 69, 51, 38, 28, 5, 2, 0]
k= 1
elapsed times: 
1.1399999999994748e-05
k= 3
elapsed times: 
1.1200000000322063e-05
k= 60
elapsed times: 
1.1299999999714316e-05
k= 120
elapsed times: 
1.1200000000322063e-05
n= 240
input: 
[998, 991, 980, 979, 966, 960, 956, 953, 952, 950, 938, 932, 928, 925, 921, 918, 917, 915, 913, 912, 911, 908, 907, 903, 902, 898, 896, 894, 891, 878, 875, 864, 862, 858, 856, 855, 854, 853, 849, 848, 847, 843, 828, 822, 820, 818, 809, 800, 784, 778, 775, 771, 766, 762, 754, 744, 743, 732, 731, 724, 722, 720, 716, 713, 709, 706, 702, 697, 693, 690, 686, 681, 678, 675, 673, 666, 664, 657, 656, 652, 649, 647, 640, 634, 631, 630, 627, 624, 623, 622, 614, 607, 606, 591, 578, 573, 572, 570, 569, 568, 561, 560, 559, 556, 554, 547, 537, 526, 523, 522, 518, 513, 508, 506, 504, 502, 500, 495, 493, 492, 487, 473, 471, 466, 465, 462, 455, 452, 448, 445, 442, 441, 434, 424, 422, 421, 420, 418, 414, 411, 410, 406, 404, 401, 399, 398, 393, 389, 387, 383, 382, 381, 379, 377, 376, 365, 364, 362, 357, 343, 342, 337, 327, 324, 322, 319, 316, 314, 311, 310, 306, 299, 294, 282, 274, 272, 271, 262, 260, 259, 253, 250, 247, 236, 232, 231, 228, 221, 212, 205, 204, 203, 200, 199, 196, 195, 190, 189, 186, 180, 172, 170, 165, 160, 158, 156, 149, 144, 140, 133, 132, 130, 128, 125, 124, 117, 113, 103, 101, 98, 95, 91, 90, 87, 85, 80, 76, 75, 70, 69, 65, 60, 54, 40, 38, 37, 36, 29, 24, 21]
k= 1
elapsed times: 
2.2200000000083264e-05
k= 3
elapsed times: 
2.2200000000083264e-05
k= 120
elapsed times: 
2.2599999999428633e-05
k= 240
elapsed times: 
2.2700000000597242e-05
n= 480
input: 
[1000, 999, 997, 996, 994, 993, 992, 990, 989, 988, 985, 984, 983, 979, 977, 976, 975, 972, 967, 966, 964, 957, 951, 950, 948, 947, 946, 940, 939, 937, 936, 931, 930, 929, 924, 923, 922, 921, 919, 918, 917, 916, 915, 914, 913, 908, 907, 905, 904, 902, 898, 892, 891, 890, 888, 887, 885, 883, 881, 880, 879, 876, 875, 874, 873, 870, 868, 867, 866, 865, 863, 862, 854, 852, 851, 850, 849, 848, 847, 846, 843, 842, 841, 840, 837, 835, 832, 831, 830, 827, 824, 816, 812, 811, 806, 803, 800, 799, 796, 794, 793, 792, 791, 790, 787, 786, 781, 778, 772, 767, 765, 763, 761, 760, 758, 756, 754, 750, 747, 746, 745, 742, 741, 740, 739, 735, 732, 728, 727, 725, 723, 721, 714, 709, 708, 707, 705, 703, 702, 700, 699, 697, 696, 693, 691, 690, 689, 688, 687, 685, 684, 683, 682, 681, 680, 679, 677, 673, 671, 670, 668, 667, 666, 664, 662, 659, 658, 655, 652, 651, 650, 649, 648, 639, 637, 635, 633, 631, 630, 628, 626, 624, 620, 618, 613, 611, 610, 608, 604, 601, 600, 599, 596, 594, 593, 592, 590, 589, 588, 586, 582, 581, 579, 576, 573, 570, 569, 568, 564, 563, 561, 560, 559, 558, 556, 555, 554, 553, 551, 550, 549, 547, 546, 544, 543, 542, 540, 538, 534, 531, 529, 528, 527, 526, 523, 521, 515, 512, 509, 508, 507, 506, 501, 500, 499, 497, 493, 491, 488, 487, 485, 484, 483, 480, 479, 478, 476, 471, 468, 465, 461, 460, 458, 456, 454, 453, 451, 449, 448, 447, 446, 444, 443, 440, 437, 436, 434, 433, 428, 427, 425, 420, 416, 415, 414, 412, 410, 409, 407, 406, 405, 404, 402, 401, 398, 397, 396, 395, 393, 391, 390, 387, 386, 384, 381, 378, 377, 374, 373, 370, 366, 364, 359, 357, 356, 355, 354, 347, 343, 342, 341, 340, 339, 337, 332, 329, 328, 327, 325, 321, 317, 316, 315, 314, 312, 307, 306, 300, 298, 296, 294, 293, 292, 291, 290, 289, 288, 285, 284, 282, 281, 277, 273, 269, 266, 263, 259, 256, 255, 254, 246, 245, 243, 240, 239, 238, 236, 232, 229, 222, 221, 220, 219, 217, 215, 214, 213, 209, 208, 206, 205, 204, 203, 202, 201, 200, 195, 194, 191, 190, 188, 185, 184, 179, 176, 174, 173, 167, 166, 162, 159, 156, 154, 150, 149, 148, 145, 143, 142, 141, 139, 137, 132, 131, 128, 127, 120, 117, 116, 113, 111, 110, 109, 108, 107, 106, 105, 101, 97, 94, 92, 89, 88, 87, 82, 81, 80, 79, 78, 74, 72, 71, 70, 68, 66, 63, 61, 58, 56, 55, 53, 50, 49, 47, 46, 44, 43, 41, 40, 38, 34, 32, 31, 28, 26, 24, 22, 20, 19, 18, 15, 11, 10, 9, 8, 6, 5, 4, 1, 0]
k= 1
elapsed times: 
4.649999999983834e-05
k= 3
elapsed times: 
4.609999999960479e-05
k= 240
elapsed times: 
4.609999999960479e-05
k= 480
elapsed times: 
4.740000000058586e-05
n= 960
input: 
[999, 998, 997, 996, 995, 993, 992, 991, 990, 989, 988, 987, 986, 984, 983, 982, 981, 980, 979, 978, 977, 976, 975, 974, 973, 972, 971, 970, 969, 968, 967, 966, 965, 964, 963, 962, 961, 960, 959, 958, 957, 956, 955, 954, 953, 952, 951, 950, 949, 948, 947, 946, 945, 944, 943, 942, 941, 940, 939, 938, 937, 936, 935, 933, 932, 931, 930, 929, 928, 927, 926, 925, 924, 923, 922, 921, 920, 919, 918, 917, 916, 915, 913, 912, 911, 910, 909, 908, 907, 906, 905, 904, 903, 902, 901, 900, 899, 898, 897, 896, 895, 894, 893, 892, 891, 890, 889, 888, 887, 886, 885, 884, 883, 882, 881, 880, 879, 878, 876, 875, 874, 873, 872, 871, 870, 868, 867, 866, 865, 864, 863, 862, 861, 860, 859, 858, 857, 856, 855, 854, 853, 852, 851, 850, 849, 848, 847, 846, 844, 843, 842, 841, 840, 839, 838, 837, 836, 834, 833, 832, 831, 830, 829, 828, 827, 826, 825, 824, 823, 822, 821, 820, 819, 818, 817, 816, 815, 814, 813, 812, 811, 810, 809, 808, 807, 806, 805, 804, 803, 802, 801, 800, 799, 798, 797, 796, 795, 794, 793, 792, 791, 790, 789, 788, 787, 786, 785, 784, 783, 782, 781, 780, 779, 778, 777, 775, 774, 773, 772, 771, 769, 768, 767, 766, 765, 764, 763, 762, 761, 760, 759, 758, 757, 756, 755, 754, 753, 752, 751, 750, 749, 748, 747, 746, 745, 744, 743, 742, 741, 740, 739, 738, 737, 736, 735, 734, 733, 732, 731, 730, 729, 728, 727, 726, 725, 724, 723, 722, 721, 720, 719, 718, 717, 716, 715, 714, 713, 712, 711, 710, 709, 708, 707, 706, 705, 704, 703, 702, 701, 700, 699, 698, 697, 696, 695, 694, 693, 692, 691, 690, 689, 688, 687, 686, 685, 684, 683, 682, 681, 680, 679, 678, 677, 676, 675, 674, 673, 672, 671, 670, 669, 668, 667, 666, 665, 663, 662, 661, 660, 659, 658, 657, 656, 655, 654, 653, 652, 651, 650, 649, 648, 647, 646, 645, 644, 642, 641, 640, 639, 638, 637, 636, 635, 634, 633, 632, 631, 630, 629, 628, 627, 626, 625, 624, 623, 622, 621, 620, 619, 618, 617, 616, 615, 614, 613, 612, 611, 610, 609, 608, 607, 604, 603, 602, 601, 600, 598, 597, 596, 595, 594, 593, 592, 591, 590, 589, 588, 586, 585, 583, 582, 581, 580, 579, 578, 577, 576, 575, 574, 573, 572, 571, 570, 569, 568, 567, 566, 565, 564, 563, 562, 561, 560, 559, 558, 557, 556, 555, 554, 552, 551, 550, 549, 548, 547, 546, 544, 543, 542, 540, 539, 538, 537, 536, 535, 534, 533, 532, 531, 530, 529, 528, 527, 526, 525, 524, 523, 522, 521, 520, 518, 517, 516, 515, 514, 513, 512, 511, 510, 509, 507, 506, 505, 504, 503, 502, 501, 500, 499, 498, 497, 496, 495, 494, 493, 492, 491, 490, 489, 488, 487, 486, 485, 484, 483, 482, 481, 480, 478, 477, 476, 475, 474, 473, 472, 471, 470, 469, 468, 467, 466, 465, 464, 463, 462, 461, 460, 459, 458, 456, 455, 454, 453, 452, 451, 450, 449, 448, 447, 446, 445, 444, 443, 442, 441, 440, 439, 438, 437, 436, 435, 434, 433, 431, 430, 429, 427, 426, 425, 424, 423, 422, 421, 420, 418, 417, 416, 415, 414, 413, 412, 411, 410, 409, 408, 407, 406, 405, 404, 403, 402, 401, 400, 399, 398, 397, 396, 395, 394, 393, 392, 391, 390, 389, 388, 387, 386, 385, 384, 383, 382, 381, 380, 379, 378, 377, 376, 375, 374, 373, 372, 371, 370, 369, 368, 367, 366, 365, 364, 363, 362, 361, 360, 359, 358, 357, 356, 355, 354, 353, 352, 351, 350, 349, 348, 347, 346, 345, 344, 343, 342, 341, 340, 339, 338, 337, 336, 335, 334, 333, 332, 331, 330, 329, 328, 327, 326, 325, 324, 323, 322, 321, 320, 319, 318, 317, 316, 315, 314, 313, 312, 311, 310, 309, 308, 307, 306, 305, 304, 303, 302, 301, 300, 299, 298, 297, 296, 295, 294, 293, 292, 291, 290, 289, 288, 287, 286, 285, 284, 283, 282, 281, 280, 279, 278, 277, 276, 275, 274, 273, 272, 271, 270, 269, 268, 267, 266, 265, 264, 263, 262, 261, 260, 258, 257, 256, 255, 254, 253, 252, 251, 250, 249, 248, 247, 246, 245, 244, 243, 242, 241, 240, 239, 238, 237, 236, 235, 234, 233, 232, 231, 230, 229, 228, 227, 226, 225, 224, 223, 222, 221, 220, 219, 218, 217, 216, 215, 214, 213, 212, 211, 210, 209, 208, 207, 205, 204, 203, 202, 201, 199, 198, 196, 195, 194, 193, 192, 191, 190, 189, 188, 187, 186, 185, 184, 183, 182, 181, 180, 179, 178, 177, 176, 175, 174, 173, 172, 171, 170, 169, 168, 167, 166, 165, 164, 163, 162, 161, 160, 159, 157, 156, 155, 154, 153, 152, 151, 150, 149, 148, 147, 146, 145, 144, 143, 142, 141, 140, 139, 136, 135, 134, 133, 131, 130, 129, 127, 126, 125, 124, 123, 122, 121, 120, 118, 117, 116, 115, 114, 113, 112, 111, 110, 109, 108, 106, 105, 104, 103, 102, 101, 100, 99, 98, 97, 96, 95, 93, 92, 91, 90, 89, 88, 87, 86, 85, 84, 83, 82, 81, 80, 79, 78, 77, 76, 75, 74, 73, 72, 71, 70, 69, 68, 67, 66, 65, 64, 63, 62, 61, 60, 59, 58, 57, 56, 55, 54, 53, 52, 51, 50, 49, 48, 47, 46, 45, 44, 43, 42, 41, 40, 39, 38, 37, 36, 35, 34, 33, 32, 31, 30, 29, 28, 27, 26, 25, 24, 23, 22, 21, 20, 19, 18, 17, 16, 15, 14, 12, 11, 10, 9, 8, 7, 6, 5, 4, 3, 2, 1, 0]
k= 1
elapsed times: 
9.440000000005e-05
k= 3
elapsed times: 
9.339999999991022e-05
k= 480
elapsed times: 
9.449999999944225e-05
k= 960
elapsed times: 
9.370000000075152e-05
---------------------------------DUPLICATE ARRAY ---------------------------------

n= 60
input: 
[1, 1, 1, 1, 1, 1, 1, 1, 1, 1, 1, 1, 1, 1, 1, 1, 1, 1, 1, 1, 1, 1, 1, 1, 1, 1, 1, 1, 1, 1, 1, 1, 1, 1, 1, 1, 1, 1, 1, 1, 1, 1, 1, 1, 1, 1, 1, 1, 1, 1, 1, 1, 1, 1, 1, 1, 1, 1, 1, 1]
k= 1
elapsed times: 
1.4000000003733248e-06
k= 3
elapsed times: 
1.1999999998124622e-06
k= 30
elapsed times: 
1.1999999998124622e-06
k= 60
elapsed times: 
1.0999999995320309e-06
n= 120
input: 
[1, 1, 1, 1, 1, 1, 1, 1, 1, 1, 1, 1, 1, 1, 1, 1, 1, 1, 1, 1, 1, 1, 1, 1, 1, 1, 1, 1, 1, 1, 1, 1, 1, 1, 1, 1, 1, 1, 1, 1, 1, 1, 1, 1, 1, 1, 1, 1, 1, 1, 1, 1, 1, 1, 1, 1, 1, 1, 1, 1, 1, 1, 1, 1, 1, 1, 1, 1, 1, 1, 1, 1, 1, 1, 1, 1, 1, 1, 1, 1, 1, 1, 1, 1, 1, 1, 1, 1, 1, 1, 1, 1, 1, 1, 1, 1, 1, 1, 1, 1, 1, 1, 1, 1, 1, 1, 1, 1, 1, 1, 1, 1, 1, 1, 1, 1, 1, 1, 1, 1]
k= 1
elapsed times: 
1.600000000046009e-06
k= 3
elapsed times: 
1.3000000000928935e-06
k= 60
elapsed times: 
1.3000000000928935e-06
k= 120
elapsed times: 
1.1999999998124622e-06
n= 240
input: 
[1, 1, 1, 1, 1, 1, 1, 1, 1, 1, 1, 1, 1, 1, 1, 1, 1, 1, 1, 1, 1, 1, 1, 1, 1, 1, 1, 1, 1, 1, 1, 1, 1, 1, 1, 1, 1, 1, 1, 1, 1, 1, 1, 1, 1, 1, 1, 1, 1, 1, 1, 1, 1, 1, 1, 1, 1, 1, 1, 1, 1, 1, 1, 1, 1, 1, 1, 1, 1, 1, 1, 1, 1, 1, 1, 1, 1, 1, 1, 1, 1, 1, 1, 1, 1, 1, 1, 1, 1, 1, 1, 1, 1, 1, 1, 1, 1, 1, 1, 1, 1, 1, 1, 1, 1, 1, 1, 1, 1, 1, 1, 1, 1, 1, 1, 1, 1, 1, 1, 1, 1, 1, 1, 1, 1, 1, 1, 1, 1, 1, 1, 1, 1, 1, 1, 1, 1, 1, 1, 1, 1, 1, 1, 1, 1, 1, 1, 1, 1, 1, 1, 1, 1, 1, 1, 1, 1, 1, 1, 1, 1, 1, 1, 1, 1, 1, 1, 1, 1, 1, 1, 1, 1, 1, 1, 1, 1, 1, 1, 1, 1, 1, 1, 1, 1, 1, 1, 1, 1, 1, 1, 1, 1, 1, 1, 1, 1, 1, 1, 1, 1, 1, 1, 1, 1, 1, 1, 1, 1, 1, 1, 1, 1, 1, 1, 1, 1, 1, 1, 1, 1, 1, 1, 1, 1, 1, 1, 1, 1, 1, 1, 1, 1, 1, 1, 1, 1, 1, 1, 1]
k= 1
elapsed times: 
1.3999999994851464e-06
k= 3
elapsed times: 
1.3000000000928935e-06
k= 120
elapsed times: 
1.4999999997655777e-06
k= 240
elapsed times: 
1.299999999204715e-06
n= 480
input: 
[1, 1, 1, 1, 1, 1, 1, 1, 1, 1, 1, 1, 1, 1, 1, 1, 1, 1, 1, 1, 1, 1, 1, 1, 1, 1, 1, 1, 1, 1, 1, 1, 1, 1, 1, 1, 1, 1, 1, 1, 1, 1, 1, 1, 1, 1, 1, 1, 1, 1, 1, 1, 1, 1, 1, 1, 1, 1, 1, 1, 1, 1, 1, 1, 1, 1, 1, 1, 1, 1, 1, 1, 1, 1, 1, 1, 1, 1, 1, 1, 1, 1, 1, 1, 1, 1, 1, 1, 1, 1, 1, 1, 1, 1, 1, 1, 1, 1, 1, 1, 1, 1, 1, 1, 1, 1, 1, 1, 1, 1, 1, 1, 1, 1, 1, 1, 1, 1, 1, 1, 1, 1, 1, 1, 1, 1, 1, 1, 1, 1, 1, 1, 1, 1, 1, 1, 1, 1, 1, 1, 1, 1, 1, 1, 1, 1, 1, 1, 1, 1, 1, 1, 1, 1, 1, 1, 1, 1, 1, 1, 1, 1, 1, 1, 1, 1, 1, 1, 1, 1, 1, 1, 1, 1, 1, 1, 1, 1, 1, 1, 1, 1, 1, 1, 1, 1, 1, 1, 1, 1, 1, 1, 1, 1, 1, 1, 1, 1, 1, 1, 1, 1, 1, 1, 1, 1, 1, 1, 1, 1, 1, 1, 1, 1, 1, 1, 1, 1, 1, 1, 1, 1, 1, 1, 1, 1, 1, 1, 1, 1, 1, 1, 1, 1, 1, 1, 1, 1, 1, 1, 1, 1, 1, 1, 1, 1, 1, 1, 1, 1, 1, 1, 1, 1, 1, 1, 1, 1, 1, 1, 1, 1, 1, 1, 1, 1, 1, 1, 1, 1, 1, 1, 1, 1, 1, 1, 1, 1, 1, 1, 1, 1, 1, 1, 1, 1, 1, 1, 1, 1, 1, 1, 1, 1, 1, 1, 1, 1, 1, 1, 1, 1, 1, 1, 1, 1, 1, 1, 1, 1, 1, 1, 1, 1, 1, 1, 1, 1, 1, 1, 1, 1, 1, 1, 1, 1, 1, 1, 1, 1, 1, 1, 1, 1, 1, 1, 1, 1, 1, 1, 1, 1, 1, 1, 1, 1, 1, 1, 1, 1, 1, 1, 1, 1, 1, 1, 1, 1, 1, 1, 1, 1, 1, 1, 1, 1, 1, 1, 1, 1, 1, 1, 1, 1, 1, 1, 1, 1, 1, 1, 1, 1, 1, 1, 1, 1, 1, 1, 1, 1, 1, 1, 1, 1, 1, 1, 1, 1, 1, 1, 1, 1, 1, 1, 1, 1, 1, 1, 1, 1, 1, 1, 1, 1, 1, 1, 1, 1, 1, 1, 1, 1, 1, 1, 1, 1, 1, 1, 1, 1, 1, 1, 1, 1, 1, 1, 1, 1, 1, 1, 1, 1, 1, 1, 1, 1, 1, 1, 1, 1, 1, 1, 1, 1, 1, 1, 1, 1, 1, 1, 1, 1, 1, 1, 1, 1, 1, 1, 1, 1, 1, 1, 1, 1, 1, 1, 1, 1, 1, 1]
k= 1
elapsed times: 
2.000000000279556e-06
k= 3
elapsed times: 
1.7999999997186933e-06
k= 240
elapsed times: 
1.8999999999991246e-06
k= 480
elapsed times: 
1.4999999997655777e-06
n= 960
input: 
[1, 1, 1, 1, 1, 1, 1, 1, 1, 1, 1, 1, 1, 1, 1, 1, 1, 1, 1, 1, 1, 1, 1, 1, 1, 1, 1, 1, 1, 1, 1, 1, 1, 1, 1, 1, 1, 1, 1, 1, 1, 1, 1, 1, 1, 1, 1, 1, 1, 1, 1, 1, 1, 1, 1, 1, 1, 1, 1, 1, 1, 1, 1, 1, 1, 1, 1, 1, 1, 1, 1, 1, 1, 1, 1, 1, 1, 1, 1, 1, 1, 1, 1, 1, 1, 1, 1, 1, 1, 1, 1, 1, 1, 1, 1, 1, 1, 1, 1, 1, 1, 1, 1, 1, 1, 1, 1, 1, 1, 1, 1, 1, 1, 1, 1, 1, 1, 1, 1, 1, 1, 1, 1, 1, 1, 1, 1, 1, 1, 1, 1, 1, 1, 1, 1, 1, 1, 1, 1, 1, 1, 1, 1, 1, 1, 1, 1, 1, 1, 1, 1, 1, 1, 1, 1, 1, 1, 1, 1, 1, 1, 1, 1, 1, 1, 1, 1, 1, 1, 1, 1, 1, 1, 1, 1, 1, 1, 1, 1, 1, 1, 1, 1, 1, 1, 1, 1, 1, 1, 1, 1, 1, 1, 1, 1, 1, 1, 1, 1, 1, 1, 1, 1, 1, 1, 1, 1, 1, 1, 1, 1, 1, 1, 1, 1, 1, 1, 1, 1, 1, 1, 1, 1, 1, 1, 1, 1, 1, 1, 1, 1, 1, 1, 1, 1, 1, 1, 1, 1, 1, 1, 1, 1, 1, 1, 1, 1, 1, 1, 1, 1, 1, 1, 1, 1, 1, 1, 1, 1, 1, 1, 1, 1, 1, 1, 1, 1, 1, 1, 1, 1, 1, 1, 1, 1, 1, 1, 1, 1, 1, 1, 1, 1, 1, 1, 1, 1, 1, 1, 1, 1, 1, 1, 1, 1, 1, 1, 1, 1, 1, 1, 1, 1, 1, 1, 1, 1, 1, 1, 1, 1, 1, 1, 1, 1, 1, 1, 1, 1, 1, 1, 1, 1, 1, 1, 1, 1, 1, 1, 1, 1, 1, 1, 1, 1, 1, 1, 1, 1, 1, 1, 1, 1, 1, 1, 1, 1, 1, 1, 1, 1, 1, 1, 1, 1, 1, 1, 1, 1, 1, 1, 1, 1, 1, 1, 1, 1, 1, 1, 1, 1, 1, 1, 1, 1, 1, 1, 1, 1, 1, 1, 1, 1, 1, 1, 1, 1, 1, 1, 1, 1, 1, 1, 1, 1, 1, 1, 1, 1, 1, 1, 1, 1, 1, 1, 1, 1, 1, 1, 1, 1, 1, 1, 1, 1, 1, 1, 1, 1, 1, 1, 1, 1, 1, 1, 1, 1, 1, 1, 1, 1, 1, 1, 1, 1, 1, 1, 1, 1, 1, 1, 1, 1, 1, 1, 1, 1, 1, 1, 1, 1, 1, 1, 1, 1, 1, 1, 1, 1, 1, 1, 1, 1, 1, 1, 1, 1, 1, 1, 1, 1, 1, 1, 1, 1, 1, 1, 1, 1, 1, 1, 1, 1, 1, 1, 1, 1, 1, 1, 1, 1, 1, 1, 1, 1, 1, 1, 1, 1, 1, 1, 1, 1, 1, 1, 1, 1, 1, 1, 1, 1, 1, 1, 1, 1, 1, 1, 1, 1, 1, 1, 1, 1, 1, 1, 1, 1, 1, 1, 1, 1, 1, 1, 1, 1, 1, 1, 1, 1, 1, 1, 1, 1, 1, 1, 1, 1, 1, 1, 1, 1, 1, 1, 1, 1, 1, 1, 1, 1, 1, 1, 1, 1, 1, 1, 1, 1, 1, 1, 1, 1, 1, 1, 1, 1, 1, 1, 1, 1, 1, 1, 1, 1, 1, 1, 1, 1, 1, 1, 1, 1, 1, 1, 1, 1, 1, 1, 1, 1, 1, 1, 1, 1, 1, 1, 1, 1, 1, 1, 1, 1, 1, 1, 1, 1, 1, 1, 1, 1, 1, 1, 1, 1, 1, 1, 1, 1, 1, 1, 1, 1, 1, 1, 1, 1, 1, 1, 1, 1, 1, 1, 1, 1, 1, 1, 1, 1, 1, 1, 1, 1, 1, 1, 1, 1, 1, 1, 1, 1, 1, 1, 1, 1, 1, 1, 1, 1, 1, 1, 1, 1, 1, 1, 1, 1, 1, 1, 1, 1, 1, 1, 1, 1, 1, 1, 1, 1, 1, 1, 1, 1, 1, 1, 1, 1, 1, 1, 1, 1, 1, 1, 1, 1, 1, 1, 1, 1, 1, 1, 1, 1, 1, 1, 1, 1, 1, 1, 1, 1, 1, 1, 1, 1, 1, 1, 1, 1, 1, 1, 1, 1, 1, 1, 1, 1, 1, 1, 1, 1, 1, 1, 1, 1, 1, 1, 1, 1, 1, 1, 1, 1, 1, 1, 1, 1, 1, 1, 1, 1, 1, 1, 1, 1, 1, 1, 1, 1, 1, 1, 1, 1, 1, 1, 1, 1, 1, 1, 1, 1, 1, 1, 1, 1, 1, 1, 1, 1, 1, 1, 1, 1, 1, 1, 1, 1, 1, 1, 1, 1, 1, 1, 1, 1, 1, 1, 1, 1, 1, 1, 1, 1, 1, 1, 1, 1, 1, 1, 1, 1, 1, 1, 1, 1, 1, 1, 1, 1, 1, 1, 1, 1, 1, 1, 1, 1, 1, 1, 1, 1, 1, 1, 1, 1, 1, 1, 1, 1, 1, 1, 1, 1, 1, 1, 1, 1, 1, 1, 1, 1, 1, 1, 1, 1, 1, 1, 1, 1, 1, 1, 1, 1, 1, 1, 1, 1, 1, 1, 1, 1, 1, 1, 1, 1, 1, 1, 1, 1, 1, 1, 1, 1, 1, 1, 1, 1, 1, 1, 1, 1, 1, 1, 1, 1, 1, 1, 1, 1, 1, 1, 1, 1, 1, 1, 1, 1, 1, 1, 1, 1, 1, 1, 1, 1, 1, 1, 1, 1, 1, 1, 1, 1, 1, 1, 1, 1, 1, 1, 1, 1, 1, 1, 1, 1, 1, 1, 1, 1, 1, 1, 1, 1, 1, 1, 1, 1, 1, 1, 1, 1, 1]
k= 1
elapsed times: 
2.8000000007466497e-06
k= 3
elapsed times: 
2.3000000002326715e-06
k= 480
elapsed times: 
2.19999999995224e-06
k= 960
elapsed times: 
2.000000000279556e-06
--------------------------------- AVERAGE ---------------------------------

Average when k:3
elapsed times: 
[2.9600000001295258e-06, 5.580000000371399e-06, 8.18000000037955e-06, 1.2640000000274653e-05, 1.6560000000431784e-05]