quickselectsort anaylsis

--------------------------------- INITIAL ARRAY ---------------------------------

n= 60
input: 
[863, 195, 157, 687, 248, 746, 94, 224, 436, 767, 143, 106, 611, 621, 360, 972, 450, 561, 353, 956, 150, 61, 120, 287, 684, 735, 706, 171, 895, 383, 506, 603, 871, 771, 291, 973, 489, 724, 226, 949, 682, 49, 811, 570, 499, 974, 126, 132, 257, 209, 722, 516, 188, 983, 589, 605, 713, 995, 967, 22]
k= 1
elapsed times: 
3.200000000092018e-06
k= 3
elapsed times: 
2.600000000185787e-06
k= 30
elapsed times: 
2.3999999996249244e-06
k= 60
elapsed times: 
2.400000000513103e-06
n= 120
input: 
[538, 346, 651, 767, 1000, 157, 312, 556, 91, 304, 429, 169, 927, 160, 783, 880, 143, 522, 257, 643, 469, 253, 782, 0, 273, 709, 857, 994, 149, 567, 225, 339, 102, 733, 631, 375, 104, 752, 231, 711, 299, 139, 915, 747, 424, 28, 450, 872, 2, 830, 897, 303, 349, 403, 941, 328, 589, 498, 754, 70, 460, 360, 680, 999, 972, 115, 51, 69, 989, 414, 874, 599, 293, 465, 491, 798, 226, 120, 416, 350, 528, 193, 79, 185, 734, 870, 141, 281, 934, 766, 574, 216, 739, 544, 395, 731, 5, 547, 181, 199, 971, 368, 137, 595, 866, 585, 158, 81, 325, 178, 518, 205, 683, 799, 73, 38, 180, 716, 960, 576]
k= 1
elapsed times: 
2.19999999995224e-06
k= 3
elapsed times: 
2.000000000279556e-06
k= 60
elapsed times: 
1.8999999999991246e-06
k= 120
elapsed times: 
1.8999999999991246e-06
n= 240
input: 
[130, 492, 627, 664, 702, 950, 271, 399, 606, 442, 158, 656, 918, 666, 294, 343, 36, 327, 144, 362, 622, 128, 156, 771, 864, 260, 228, 979, 513, 200, 681, 29, 504, 274, 462, 902, 262, 65, 189, 572, 389, 190, 434, 713, 744, 784, 561, 250, 411, 754, 925, 398, 523, 818, 956, 319, 406, 414, 98, 693, 724, 379, 537, 623, 87, 828, 522, 952, 101, 80, 649, 547, 932, 624, 573, 778, 913, 85, 342, 568, 673, 113, 912, 205, 822, 508, 775, 421, 502, 357, 690, 231, 980, 500, 422, 908, 843, 686, 766, 180, 896, 232, 383, 471, 420, 493, 894, 652, 809, 253, 37, 591, 578, 915, 706, 70, 365, 554, 630, 311, 203, 24, 424, 631, 221, 854, 466, 518, 299, 272, 133, 387, 560, 60, 196, 953, 848, 709, 21, 732, 76, 91, 506, 928, 526, 559, 310, 966, 140, 465, 921, 720, 856, 731, 452, 282, 917, 212, 847, 907, 800, 998, 149, 697, 853, 960, 410, 722, 647, 376, 862, 40, 199, 875, 165, 716, 762, 337, 124, 324, 855, 125, 911, 473, 247, 393, 69, 95, 487, 204, 878, 322, 364, 903, 675, 849, 634, 314, 117, 418, 448, 170, 614, 441, 404, 172, 938, 495, 377, 556, 160, 858, 236, 381, 382, 898, 607, 891, 991, 186, 195, 259, 640, 657, 820, 90, 445, 678, 75, 306, 401, 132, 743, 54, 455, 569, 570, 38, 316, 103]
k= 1
elapsed times: 
2.000000000279556e-06
k= 3
elapsed times: 
2.1000000005599873e-06
k= 120
elapsed times: 
1.9999999993913775e-06
k= 240
elapsed times: 
1.9999999993913775e-06
n= 480
input: 
[377, 428, 852, 340, 406, 1, 880, 624, 238, 483, 658, 840, 173, 850, 756, 347, 395, 816, 870, 390, 707, 10, 714, 950, 975, 568, 538, 206, 555, 185, 127, 236, 162, 447, 867, 681, 967, 208, 589, 523, 355, 564, 148, 732, 458, 316, 166, 97, 611, 618, 404, 440, 289, 917, 723, 416, 437, 919, 918, 620, 378, 63, 558, 863, 794, 866, 476, 835, 628, 239, 650, 493, 891, 143, 531, 82, 790, 528, 79, 94, 673, 806, 939, 92, 354, 374, 551, 31, 787, 685, 683, 269, 846, 664, 610, 922, 78, 868, 108, 109, 19, 988, 317, 633, 215, 373, 772, 281, 745, 842, 990, 44, 243, 781, 687, 760, 544, 461, 885, 550, 384, 841, 436, 989, 484, 831, 217, 924, 327, 601, 697, 579, 40, 741, 547, 940, 285, 209, 937, 767, 284, 957, 266, 70, 725, 649, 803, 735, 501, 420, 407, 832, 314, 105, 929, 453, 1000, 546, 71, 540, 586, 451, 202, 948, 142, 976, 671, 359, 296, 563, 487, 107, 232, 201, 110, 221, 381, 8, 167, 315, 471, 412, 849, 113, 865, 892, 670, 101, 691, 386, 905, 946, 204, 947, 999, 890, 875, 137, 132, 702, 792, 254, 288, 397, 796, 758, 150, 176, 993, 139, 293, 357, 263, 203, 159, 592, 679, 508, 478, 666, 465, 709, 87, 848, 923, 387, 240, 141, 507, 402, 214, 154, 24, 786, 588, 58, 156, 690, 434, 966, 312, 637, 727, 120, 485, 80, 590, 830, 559, 791, 256, 837, 53, 307, 652, 49, 391, 526, 827, 194, 43, 996, 245, 604, 446, 847, 873, 195, 626, 553, 824, 554, 742, 543, 20, 174, 851, 443, 444, 479, 506, 750, 188, 277, 667, 290, 746, 699, 366, 902, 88, 229, 488, 131, 321, 515, 66, 977, 282, 883, 581, 668, 55, 9, 888, 468, 635, 415, 765, 913, 542, 56, 454, 811, 410, 500, 930, 689, 28, 600, 220, 979, 456, 659, 427, 561, 273, 34, 179, 879, 116, 800, 914, 854, 81, 898, 992, 32, 985, 994, 631, 747, 700, 46, 509, 370, 527, 0, 74, 205, 688, 931, 907, 549, 128, 705, 291, 639, 339, 599, 951, 68, 341, 191, 117, 512, 799, 356, 570, 5, 61, 763, 398, 149, 596, 593, 529, 908, 38, 921, 843, 184, 761, 881, 342, 200, 534, 480, 343, 328, 448, 449, 414, 11, 984, 630, 594, 460, 393, 409, 997, 916, 433, 364, 793, 582, 608, 396, 876, 329, 72, 298, 983, 648, 887, 693, 499, 964, 6, 41, 145, 190, 255, 677, 662, 106, 337, 651, 915, 325, 401, 497, 222, 15, 521, 682, 213, 703, 22, 4, 569, 740, 259, 50, 680, 26, 972, 292, 812, 294, 778, 573, 655, 111, 219, 874, 246, 425, 556, 18, 936, 862, 904, 576, 89, 560, 491, 754, 306, 332, 739, 405, 684, 47, 721, 300, 696, 708, 728, 613]
k= 1
elapsed times: 
2.19999999995224e-06
k= 3
elapsed times: 
5.799999999389627e-06
k= 240
elapsed times: 
2.3000000002326715e-06
k= 480
elapsed times: 
2.19999999995224e-06
n= 960
input: 
[275, 307, 9, 538, 603, 367, 349, 627, 321, 723, 42, 502, 347, 505, 859, 813, 848, 409, 57, 909, 626, 61, 801, 551, 90, 323, 961, 756, 525, 105, 99, 885, 15, 865, 133, 399, 51, 986, 972, 803, 761, 618, 913, 289, 917, 890, 376, 670, 167, 29, 576, 517, 833, 312, 366, 918, 104, 485, 194, 937, 56, 983, 963, 609, 685, 999, 712, 697, 898, 144, 727, 448, 740, 198, 217, 327, 581, 705, 543, 415, 773, 264, 458, 808, 752, 658, 447, 523, 121, 462, 663, 306, 498, 608, 215, 971, 84, 516, 707, 330, 177, 476, 941, 804, 860, 64, 81, 468, 719, 659, 175, 915, 263, 731, 147, 395, 980, 48, 122, 443, 129, 211, 19, 713, 193, 857, 190, 566, 531, 288, 750, 655, 614, 47, 370, 692, 390, 849, 792, 741, 954, 809, 319, 683, 882, 624, 67, 496, 924, 166, 829, 244, 165, 474, 287, 978, 412, 397, 894, 855, 949, 322, 212, 888, 764, 53, 660, 807, 353, 109, 430, 422, 357, 861, 391, 942, 408, 40, 249, 987, 521, 786, 387, 948, 125, 124, 298, 424, 451, 834, 112, 910, 616, 228, 385, 273, 878, 466, 44, 962, 762, 172, 597, 601, 142, 620, 500, 529, 28, 180, 886, 20, 742, 561, 783, 230, 472, 0, 416, 717, 734, 649, 904, 272, 473, 542, 755, 203, 356, 571, 195, 11, 373, 434, 612, 939, 262, 46, 338, 654, 342, 602, 667, 800, 401, 704, 908, 186, 611, 435, 852, 337, 219, 101, 463, 392, 789, 50, 648, 578, 16, 842, 932, 653, 691, 10, 688, 927, 604, 830, 504, 381, 488, 17, 559, 725, 526, 864, 77, 944, 284, 492, 439, 765, 12, 183, 467, 646, 806, 3, 70, 875, 843, 303, 352, 540, 925, 536, 810, 928, 767, 826, 482, 564, 241, 763, 907, 459, 621, 687, 637, 371, 825, 817, 966, 640, 113, 456, 478, 583, 629, 224, 149, 714, 821, 173, 39, 254, 828, 572, 812, 176, 577, 622, 681, 929, 115, 870, 884, 242, 213, 120, 562, 374, 493, 769, 24, 533, 411, 532, 530, 23, 866, 785, 560, 168, 141, 510, 417, 185, 872, 534, 716, 379, 384, 164, 65, 965, 951, 847, 103, 341, 413, 832, 665, 554, 491, 363, 45, 592, 916, 110, 350, 235, 748, 314, 160, 743, 328, 846, 862, 816, 701, 98, 619, 863, 891, 332, 179, 38, 575, 777, 108, 140, 97, 718, 854, 679, 238, 906, 326, 528, 442, 245, 427, 747, 805, 267, 135, 237, 154, 136, 527, 425, 613, 286, 87, 199, 827, 372, 343, 887, 780, 69, 975, 386, 511, 37, 6, 43, 248, 737, 169, 901, 182, 876, 518, 277, 446, 271, 729, 445, 998, 127, 943, 674, 995, 325, 465, 645, 218, 657, 960, 574, 558, 49, 205, 684, 636, 269, 956, 784, 708, 270, 754, 334, 340, 441, 570, 83, 565, 693, 568, 364, 351, 450, 258, 902, 989, 933, 469, 355, 400, 838, 979, 309, 111, 260, 31, 797, 802, 117, 739, 378, 80, 261, 2, 899, 470, 851, 313, 911, 550, 202, 32, 757, 746, 33, 893, 990, 873, 537, 778, 481, 365, 991, 787, 499, 433, 268, 641, 361, 283, 388, 900, 698, 735, 633, 981, 573, 595, 880, 208, 148, 336, 823, 996, 299, 143, 438, 454, 585, 295, 151, 652, 359, 632, 644, 449, 221, 638, 580, 92, 460, 233, 503, 54, 243, 41, 850, 477, 589, 759, 106, 301, 799, 377, 426, 795, 931, 952, 404, 793, 5, 651, 318, 631, 368, 305, 236, 234, 420, 760, 255, 82, 724, 839, 7, 423, 75, 480, 730, 130, 676, 512, 181, 123, 733, 744, 174, 406, 969, 225, 163, 945, 814, 414, 226, 59, 623, 544, 251, 52, 358, 209, 930, 159, 535, 170, 711, 772, 820, 304, 310, 220, 555, 281, 55, 836, 452, 678, 988, 471, 189, 410, 935, 265, 196, 758, 294, 253, 464, 546, 881, 380, 192, 317, 771, 634, 118, 819, 436, 300, 290, 282, 822, 131, 91, 993, 582, 593, 437, 586, 610, 635, 339, 563, 661, 161, 840, 699, 738, 8, 992, 946, 666, 344, 926, 1, 240, 617, 892, 831, 818, 329, 126, 522, 489, 153, 790, 362, 788, 669, 796, 311, 191, 250, 204, 959, 402, 188, 403, 936, 628, 78, 905, 316, 239, 874, 647, 923, 921, 690, 68, 324, 315, 798, 579, 749, 513, 345, 650, 702, 150, 867, 152, 431, 515, 139, 997, 114, 732, 293, 710, 276, 222, 774, 256, 889, 662, 201, 291, 30, 501, 369, 548, 680, 569, 184, 214, 58, 656, 590, 216, 116, 71, 782, 703, 709, 88, 984, 96, 982, 672, 383, 320, 393, 745, 348, 947, 14, 297, 856, 766, 682, 26, 967, 157, 671, 302, 974, 957, 970, 720, 912, 871, 274, 252, 72, 768, 751, 21, 794, 557, 490, 630, 231, 73, 398, 596, 524, 781, 607, 86, 824, 25, 93, 556, 146, 883, 940, 677, 897, 429, 375, 639, 973, 977, 280, 598, 292, 396, 346, 22, 706, 79, 868, 668, 625, 60, 722, 689, 35, 642, 844, 841, 382, 407, 145, 389, 686, 726, 695, 920, 285, 4, 976, 76, 791, 278, 223, 896, 591, 229, 475, 74, 721, 600, 509, 257, 134, 950, 815, 694, 506, 494, 247, 964, 440, 36, 922, 779, 360, 207, 95, 18, 418, 296, 405, 700, 89, 85, 394, 156, 421, 63, 811, 444, 675, 171, 955, 246, 455, 594, 210, 837, 615, 728, 879, 155, 187, 331, 919, 486, 520, 715, 495, 588, 775, 514, 968, 903, 552, 567, 308, 549, 227, 335, 483, 27, 484, 895, 178, 453, 232, 266, 497, 696, 279, 333, 354, 461, 62, 958, 673, 858, 547, 753, 102, 736, 487, 953, 34, 539, 66, 100, 507, 853, 162, 938]
k= 1
elapsed times: 
2.3000000002326715e-06
k= 3
elapsed times: 
2.000000000279556e-06
k= 480
elapsed times: 
2.000000000279556e-06
k= 960
elapsed times: 
2.000000000279556e-06
--------------------------------- SORTED ARRAY ---------------------------------

n= 60
input: 
[22, 49, 61, 94, 106, 120, 126, 132, 143, 150, 157, 171, 188, 195, 209, 224, 226, 248, 257, 287, 291, 353, 360, 383, 436, 450, 489, 499, 506, 516, 561, 570, 589, 603, 605, 611, 621, 682, 684, 687, 706, 713, 722, 724, 735, 746, 767, 771, 811, 863, 871, 895, 949, 956, 967, 972, 973, 974, 983, 995]
k= 1
elapsed times: 
2.19999999995224e-06
k= 3
elapsed times: 
2.2000000008404186e-06
k= 30
elapsed times: 
2.1000000005599873e-06
k= 60
elapsed times: 
2.1000000005599873e-06
n= 120
input: 
[0, 2, 5, 28, 38, 51, 69, 70, 73, 79, 81, 91, 102, 104, 115, 120, 137, 139, 141, 143, 149, 157, 158, 160, 169, 178, 180, 181, 185, 193, 199, 205, 216, 225, 226, 231, 253, 257, 273, 281, 293, 299, 303, 304, 312, 325, 328, 339, 346, 349, 350, 360, 368, 375, 395, 403, 414, 416, 424, 429, 450, 460, 465, 469, 491, 498, 518, 522, 528, 538, 544, 547, 556, 567, 574, 576, 585, 589, 595, 599, 631, 643, 651, 680, 683, 709, 711, 716, 731, 733, 734, 739, 747, 752, 754, 766, 767, 782, 783, 798, 799, 830, 857, 866, 870, 872, 874, 880, 897, 915, 927, 934, 941, 960, 971, 972, 989, 994, 999, 1000]
k= 1
elapsed times: 
2.299999999344493e-06
k= 3
elapsed times: 
2.69999999957804e-06
k= 60
elapsed times: 
2.4999999999053557e-06
k= 120
elapsed times: 
2.400000000513103e-06
n= 240
input: 
[21, 24, 29, 36, 37, 38, 40, 54, 60, 65, 69, 70, 75, 76, 80, 85, 87, 90, 91, 95, 98, 101, 103, 113, 117, 124, 125, 128, 130, 132, 133, 140, 144, 149, 156, 158, 160, 165, 170, 172, 180, 186, 189, 190, 195, 196, 199, 200, 203, 204, 205, 212, 221, 228, 231, 232, 236, 247, 250, 253, 259, 260, 262, 271, 272, 274, 282, 294, 299, 306, 310, 311, 314, 316, 319, 322, 324, 327, 337, 342, 343, 357, 362, 364, 365, 376, 377, 379, 381, 382, 383, 387, 389, 393, 398, 399, 401, 404, 406, 410, 411, 414, 418, 420, 421, 422, 424, 434, 441, 442, 445, 448, 452, 455, 462, 465, 466, 471, 473, 487, 492, 493, 495, 500, 502, 504, 506, 508, 513, 518, 522, 523, 526, 537, 547, 554, 556, 559, 560, 561, 568, 569, 570, 572, 573, 578, 591, 606, 607, 614, 622, 623, 624, 627, 630, 631, 634, 640, 647, 649, 652, 656, 657, 664, 666, 673, 675, 678, 681, 686, 690, 693, 697, 702, 706, 709, 713, 716, 720, 722, 724, 731, 732, 743, 744, 754, 762, 766, 771, 775, 778, 784, 800, 809, 818, 820, 822, 828, 843, 847, 848, 849, 853, 854, 855, 856, 858, 862, 864, 875, 878, 891, 894, 896, 898, 902, 903, 907, 908, 911, 912, 913, 915, 917, 918, 921, 925, 928, 932, 938, 950, 952, 953, 956, 960, 966, 979, 980, 991, 998]
k= 1
elapsed times: 
2.5999999992976086e-06
k= 3
elapsed times: 
2.3000000002326715e-06
k= 120
elapsed times: 
3.000000000419334e-06
k= 240
elapsed times: 
3.200000000092018e-06
n= 480
input: 
[0, 1, 4, 5, 6, 8, 9, 10, 11, 15, 18, 19, 20, 22, 24, 26, 28, 31, 32, 34, 38, 40, 41, 43, 44, 46, 47, 49, 50, 53, 55, 56, 58, 61, 63, 66, 68, 70, 71, 72, 74, 78, 79, 80, 81, 82, 87, 88, 89, 92, 94, 97, 101, 105, 106, 107, 108, 109, 110, 111, 113, 116, 117, 120, 127, 128, 131, 132, 137, 139, 141, 142, 143, 145, 148, 149, 150, 154, 156, 159, 162, 166, 167, 173, 174, 176, 179, 184, 185, 188, 190, 191, 194, 195, 200, 201, 202, 203, 204, 205, 206, 208, 209, 213, 214, 215, 217, 219, 220, 221, 222, 229, 232, 236, 238, 239, 240, 243, 245, 246, 254, 255, 256, 259, 263, 266, 269, 273, 277, 281, 282, 284, 285, 288, 289, 290, 291, 292, 293, 294, 296, 298, 300, 306, 307, 312, 314, 315, 316, 317, 321, 325, 327, 328, 329, 332, 337, 339, 340, 341, 342, 343, 347, 354, 355, 356, 357, 359, 364, 366, 370, 373, 374, 377, 378, 381, 384, 386, 387, 390, 391, 393, 395, 396, 397, 398, 401, 402, 404, 405, 406, 407, 409, 410, 412, 414, 415, 416, 420, 425, 427, 428, 433, 434, 436, 437, 440, 443, 444, 446, 447, 448, 449, 451, 453, 454, 456, 458, 460, 461, 465, 468, 471, 476, 478, 479, 480, 483, 484, 485, 487, 488, 491, 493, 497, 499, 500, 501, 506, 507, 508, 509, 512, 515, 521, 523, 526, 527, 528, 529, 531, 534, 538, 540, 542, 543, 544, 546, 547, 549, 550, 551, 553, 554, 555, 556, 558, 559, 560, 561, 563, 564, 568, 569, 570, 573, 576, 579, 581, 582, 586, 588, 589, 590, 592, 593, 594, 596, 599, 600, 601, 604, 608, 610, 611, 613, 618, 620, 624, 626, 628, 630, 631, 633, 635, 637, 639, 648, 649, 650, 651, 652, 655, 658, 659, 662, 664, 666, 667, 668, 670, 671, 673, 677, 679, 680, 681, 682, 683, 684, 685, 687, 688, 689, 690, 691, 693, 696, 697, 699, 700, 702, 703, 705, 707, 708, 709, 714, 721, 723, 725, 727, 728, 732, 735, 739, 740, 741, 742, 745, 746, 747, 750, 754, 756, 758, 760, 761, 763, 765, 767, 772, 778, 781, 786, 787, 790, 791, 792, 793, 794, 796, 799, 800, 803, 806, 811, 812, 816, 824, 827, 830, 831, 832, 835, 837, 840, 841, 842, 843, 846, 847, 848, 849, 850, 851, 852, 854, 862, 863, 865, 866, 867, 868, 870, 873, 874, 875, 876, 879, 880, 881, 883, 885, 887, 888, 890, 891, 892, 898, 902, 904, 905, 907, 908, 913, 914, 915, 916, 917, 918, 919, 921, 922, 923, 924, 929, 930, 931, 936, 937, 939, 940, 946, 947, 948, 950, 951, 957, 964, 966, 967, 972, 975, 976, 977, 979, 983, 984, 985, 988, 989, 990, 992, 993, 994, 996, 997, 999, 1000]
k= 1
elapsed times: 
3.3000000003724494e-06
k= 3
elapsed times: 
2.9000000001389026e-06
k= 240
elapsed times: 
2.7999999998584713e-06
k= 480
elapsed times: 
5.100000000091143e-06
n= 960
input: 
[0, 1, 2, 3, 4, 5, 6, 7, 8, 9, 10, 11, 12, 14, 15, 16, 17, 18, 19, 20, 21, 22, 23, 24, 25, 26, 27, 28, 29, 30, 31, 32, 33, 34, 35, 36, 37, 38, 39, 40, 41, 42, 43, 44, 45, 46, 47, 48, 49, 50, 51, 52, 53, 54, 55, 56, 57, 58, 59, 60, 61, 62, 63, 64, 65, 66, 67, 68, 69, 70, 71, 72, 73, 74, 75, 76, 77, 78, 79, 80, 81, 82, 83, 84, 85, 86, 87, 88, 89, 90, 91, 92, 93, 95, 96, 97, 98, 99, 100, 101, 102, 103, 104, 105, 106, 108, 109, 110, 111, 112, 113, 114, 115, 116, 117, 118, 120, 121, 122, 123, 124, 125, 126, 127, 129, 130, 131, 133, 134, 135, 136, 139, 140, 141, 142, 143, 144, 145, 146, 147, 148, 149, 150, 151, 152, 153, 154, 155, 156, 157, 159, 160, 161, 162, 163, 164, 165, 166, 167, 168, 169, 170, 171, 172, 173, 174, 175, 176, 177, 178, 179, 180, 181, 182, 183, 184, 185, 186, 187, 188, 189, 190, 191, 192, 193, 194, 195, 196, 198, 199, 201, 202, 203, 204, 205, 207, 208, 209, 210, 211, 212, 213, 214, 215, 216, 217, 218, 219, 220, 221, 222, 223, 224, 225, 226, 227, 228, 229, 230, 231, 232, 233, 234, 235, 236, 237, 238, 239, 240, 241, 242, 243, 244, 245, 246, 247, 248, 249, 250, 251, 252, 253, 254, 255, 256, 257, 258, 260, 261, 262, 263, 264, 265, 266, 267, 268, 269, 270, 271, 272, 273, 274, 275, 276, 277, 278, 279, 280, 281, 282, 283, 284, 285, 286, 287, 288, 289, 290, 291, 292, 293, 294, 295, 296, 297, 298, 299, 300, 301, 302, 303, 304, 305, 306, 307, 308, 309, 310, 311, 312, 313, 314, 315, 316, 317, 318, 319, 320, 321, 322, 323, 324, 325, 326, 327, 328, 329, 330, 331, 332, 333, 334, 335, 336, 337, 338, 339, 340, 341, 342, 343, 344, 345, 346, 347, 348, 349, 350, 351, 352, 353, 354, 355, 356, 357, 358, 359, 360, 361, 362, 363, 364, 365, 366, 367, 368, 369, 370, 371, 372, 373, 374, 375, 376, 377, 378, 379, 380, 381, 382, 383, 384, 385, 386, 387, 388, 389, 390, 391, 392, 393, 394, 395, 396, 397, 398, 399, 400, 401, 402, 403, 404, 405, 406, 407, 408, 409, 410, 411, 412, 413, 414, 415, 416, 417, 418, 420, 421, 422, 423, 424, 425, 426, 427, 429, 430, 431, 433, 434, 435, 436, 437, 438, 439, 440, 441, 442, 443, 444, 445, 446, 447, 448, 449, 450, 451, 452, 453, 454, 455, 456, 458, 459, 460, 461, 462, 463, 464, 465, 466, 467, 468, 469, 470, 471, 472, 473, 474, 475, 476, 477, 478, 480, 481, 482, 483, 484, 485, 486, 487, 488, 489, 490, 491, 492, 493, 494, 495, 496, 497, 498, 499, 500, 501, 502, 503, 504, 505, 506, 507, 509, 510, 511, 512, 513, 514, 515, 516, 517, 518, 520, 521, 522, 523, 524, 525, 526, 527, 528, 529, 530, 531, 532, 533, 534, 535, 536, 537, 538, 539, 540, 542, 543, 544, 546, 547, 548, 549, 550, 551, 552, 554, 555, 556, 557, 558, 559, 560, 561, 562, 563, 564, 565, 566, 567, 568, 569, 570, 571, 572, 573, 574, 575, 576, 577, 578, 579, 580, 581, 582, 583, 585, 586, 588, 589, 590, 591, 592, 593, 594, 595, 596, 597, 598, 600, 601, 602, 603, 604, 607, 608, 609, 610, 611, 612, 613, 614, 615, 616, 617, 618, 619, 620, 621, 622, 623, 624, 625, 626, 627, 628, 629, 630, 631, 632, 633, 634, 635, 636, 637, 638, 639, 640, 641, 642, 644, 645, 646, 647, 648, 649, 650, 651, 652, 653, 654, 655, 656, 657, 658, 659, 660, 661, 662, 663, 665, 666, 667, 668, 669, 670, 671, 672, 673, 674, 675, 676, 677, 678, 679, 680, 681, 682, 683, 684, 685, 686, 687, 688, 689, 690, 691, 692, 693, 694, 695, 696, 697, 698, 699, 700, 701, 702, 703, 704, 705, 706, 707, 708, 709, 710, 711, 712, 713, 714, 715, 716, 717, 718, 719, 720, 721, 722, 723, 724, 725, 726, 727, 728, 729, 730, 731, 732, 733, 734, 735, 736, 737, 738, 739, 740, 741, 742, 743, 744, 745, 746, 747, 748, 749, 750, 751, 752, 753, 754, 755, 756, 757, 758, 759, 760, 761, 762, 763, 764, 765, 766, 767, 768, 769, 771, 772, 773, 774, 775, 777, 778, 779, 780, 781, 782, 783, 784, 785, 786, 787, 788, 789, 790, 791, 792, 793, 794, 795, 796, 797, 798, 799, 800, 801, 802, 803, 804, 805, 806, 807, 808, 809, 810, 811, 812, 813, 814, 815, 816, 817, 818, 819, 820, 821, 822, 823, 824, 825, 826, 827, 828, 829, 830, 831, 832, 833, 834, 836, 837, 838, 839, 840, 841, 842, 843, 844, 846, 847, 848, 849, 850, 851, 852, 853, 854, 855, 856, 857, 858, 859, 860, 861, 862, 863, 864, 865, 866, 867, 868, 870, 871, 872, 873, 874, 875, 876, 878, 879, 880, 881, 882, 883, 884, 885, 886, 887, 888, 889, 890, 891, 892, 893, 894, 895, 896, 897, 898, 899, 900, 901, 902, 903, 904, 905, 906, 907, 908, 909, 910, 911, 912, 913, 915, 916, 917, 918, 919, 920, 921, 922, 923, 924, 925, 926, 927, 928, 929, 930, 931, 932, 933, 935, 936, 937, 938, 939, 940, 941, 942, 943, 944, 945, 946, 947, 948, 949, 950, 951, 952, 953, 954, 955, 956, 957, 958, 959, 960, 961, 962, 963, 964, 965, 966, 967, 968, 969, 970, 971, 972, 973, 974, 975, 976, 977, 978, 979, 980, 981, 982, 983, 984, 986, 987, 988, 989, 990, 991, 992, 993, 995, 996, 997, 998, 999]
k= 1
elapsed times: 
2.8000000007466497e-06
k= 3
elapsed times: 
2.7999999998584713e-06
k= 480
elapsed times: 
2.69999999957804e-06
k= 960
elapsed times: 
2.7999999998584713e-06
--------------------------------- REVERSED SORTED ARRAY ---------------------------------

n= 60
input: 
[995, 983, 974, 973, 972, 967, 956, 949, 895, 871, 863, 811, 771, 767, 746, 735, 724, 722, 713, 706, 687, 684, 682, 621, 611, 605, 603, 589, 570, 561, 516, 506, 499, 489, 450, 436, 383, 360, 353, 291, 287, 257, 248, 226, 224, 209, 195, 188, 171, 157, 150, 143, 132, 126, 120, 106, 94, 61, 49, 22]
k= 1
elapsed times: 
2.19999999995224e-06
k= 3
elapsed times: 
2.1000000005599873e-06
k= 30
elapsed times: 
2.099999999671809e-06
k= 60
elapsed times: 
2.099999999671809e-06
n= 120
input: 
[1000, 999, 994, 989, 972, 971, 960, 941, 934, 927, 915, 897, 880, 874, 872, 870, 866, 857, 830, 799, 798, 783, 782, 767, 766, 754, 752, 747, 739, 734, 733, 731, 716, 711, 709, 683, 680, 651, 643, 631, 599, 595, 589, 585, 576, 574, 567, 556, 547, 544, 538, 528, 522, 518, 498, 491, 469, 465, 460, 450, 429, 424, 416, 414, 403, 395, 375, 368, 360, 350, 349, 346, 339, 328, 325, 312, 304, 303, 299, 293, 281, 273, 257, 253, 231, 226, 225, 216, 205, 199, 193, 185, 181, 180, 178, 169, 160, 158, 157, 149, 143, 141, 139, 137, 120, 115, 104, 102, 91, 81, 79, 73, 70, 69, 51, 38, 28, 5, 2, 0]
k= 1
elapsed times: 
2.19999999995224e-06
k= 3
elapsed times: 
2.1000000005599873e-06
k= 60
elapsed times: 
2.099999999671809e-06
k= 120
elapsed times: 
2.099999999671809e-06
n= 240
input: 
[998, 991, 980, 979, 966, 960, 956, 953, 952, 950, 938, 932, 928, 925, 921, 918, 917, 915, 913, 912, 911, 908, 907, 903, 902, 898, 896, 894, 891, 878, 875, 864, 862, 858, 856, 855, 854, 853, 849, 848, 847, 843, 828, 822, 820, 818, 809, 800, 784, 778, 775, 771, 766, 762, 754, 744, 743, 732, 731, 724, 722, 720, 716, 713, 709, 706, 702, 697, 693, 690, 686, 681, 678, 675, 673, 666, 664, 657, 656, 652, 649, 647, 640, 634, 631, 630, 627, 624, 623, 622, 614, 607, 606, 591, 578, 573, 572, 570, 569, 568, 561, 560, 559, 556, 554, 547, 537, 526, 523, 522, 518, 513, 508, 506, 504, 502, 500, 495, 493, 492, 487, 473, 471, 466, 465, 462, 455, 452, 448, 445, 442, 441, 434, 424, 422, 421, 420, 418, 414, 411, 410, 406, 404, 401, 399, 398, 393, 389, 387, 383, 382, 381, 379, 377, 376, 365, 364, 362, 357, 343, 342, 337, 327, 324, 322, 319, 316, 314, 311, 310, 306, 299, 294, 282, 274, 272, 271, 262, 260, 259, 253, 250, 247, 236, 232, 231, 228, 221, 212, 205, 204, 203, 200, 199, 196, 195, 190, 189, 186, 180, 172, 170, 165, 160, 158, 156, 149, 144, 140, 133, 132, 130, 128, 125, 124, 117, 113, 103, 101, 98, 95, 91, 90, 87, 85, 80, 76, 75, 70, 69, 65, 60, 54, 40, 38, 37, 36, 29, 24, 21]
k= 1
elapsed times: 
2.099999999671809e-06
k= 3
elapsed times: 
2.099999999671809e-06
k= 120
elapsed times: 
2.099999999671809e-06
k= 240
elapsed times: 
2.099999999671809e-06
n= 480
input: 
[1000, 999, 997, 996, 994, 993, 992, 990, 989, 988, 985, 984, 983, 979, 977, 976, 975, 972, 967, 966, 964, 957, 951, 950, 948, 947, 946, 940, 939, 937, 936, 931, 930, 929, 924, 923, 922, 921, 919, 918, 917, 916, 915, 914, 913, 908, 907, 905, 904, 902, 898, 892, 891, 890, 888, 887, 885, 883, 881, 880, 879, 876, 875, 874, 873, 870, 868, 867, 866, 865, 863, 862, 854, 852, 851, 850, 849, 848, 847, 846, 843, 842, 841, 840, 837, 835, 832, 831, 830, 827, 824, 816, 812, 811, 806, 803, 800, 799, 796, 794, 793, 792, 791, 790, 787, 786, 781, 778, 772, 767, 765, 763, 761, 760, 758, 756, 754, 750, 747, 746, 745, 742, 741, 740, 739, 735, 732, 728, 727, 725, 723, 721, 714, 709, 708, 707, 705, 703, 702, 700, 699, 697, 696, 693, 691, 690, 689, 688, 687, 685, 684, 683, 682, 681, 680, 679, 677, 673, 671, 670, 668, 667, 666, 664, 662, 659, 658, 655, 652, 651, 650, 649, 648, 639, 637, 635, 633, 631, 630, 628, 626, 624, 620, 618, 613, 611, 610, 608, 604, 601, 600, 599, 596, 594, 593, 592, 590, 589, 588, 586, 582, 581, 579, 576, 573, 570, 569, 568, 564, 563, 561, 560, 559, 558, 556, 555, 554, 553, 551, 550, 549, 547, 546, 544, 543, 542, 540, 538, 534, 531, 529, 528, 527, 526, 523, 521, 515, 512, 509, 508, 507, 506, 501, 500, 499, 497, 493, 491, 488, 487, 485, 484, 483, 480, 479, 478, 476, 471, 468, 465, 461, 460, 458, 456, 454, 453, 451, 449, 448, 447, 446, 444, 443, 440, 437, 436, 434, 433, 428, 427, 425, 420, 416, 415, 414, 412, 410, 409, 407, 406, 405, 404, 402, 401, 398, 397, 396, 395, 393, 391, 390, 387, 386, 384, 381, 378, 377, 374, 373, 370, 366, 364, 359, 357, 356, 355, 354, 347, 343, 342, 341, 340, 339, 337, 332, 329, 328, 327, 325, 321, 317, 316, 315, 314, 312, 307, 306, 300, 298, 296, 294, 293, 292, 291, 290, 289, 288, 285, 284, 282, 281, 277, 273, 269, 266, 263, 259, 256, 255, 254, 246, 245, 243, 240, 239, 238, 236, 232, 229, 222, 221, 220, 219, 217, 215, 214, 213, 209, 208, 206, 205, 204, 203, 202, 201, 200, 195, 194, 191, 190, 188, 185, 184, 179, 176, 174, 173, 167, 166, 162, 159, 156, 154, 150, 149, 148, 145, 143, 142, 141, 139, 137, 132, 131, 128, 127, 120, 117, 116, 113, 111, 110, 109, 108, 107, 106, 105, 101, 97, 94, 92, 89, 88, 87, 82, 81, 80, 79, 78, 74, 72, 71, 70, 68, 66, 63, 61, 58, 56, 55, 53, 50, 49, 47, 46, 44, 43, 41, 40, 38, 34, 32, 31, 28, 26, 24, 22, 20, 19, 18, 15, 11, 10, 9, 8, 6, 5, 4, 1, 0]
k= 1
elapsed times: 
2.3000000002326715e-06
k= 3
elapsed times: 
2.099999999671809e-06
k= 240
elapsed times: 
2.19999999995224e-06
k= 480
elapsed times: 
2.099999999671809e-06
n= 960
input: 
[999, 998, 997, 996, 995, 993, 992, 991, 990, 989, 988, 987, 986, 984, 983, 982, 981, 980, 979, 978, 977, 976, 975, 974, 973, 972, 971, 970, 969, 968, 967, 966, 965, 964, 963, 962, 961, 960, 959, 958, 957, 956, 955, 954, 953, 952, 951, 950, 949, 948, 947, 946, 945, 944, 943, 942, 941, 940, 939, 938, 937, 936, 935, 933, 932, 931, 930, 929, 928, 927, 926, 925, 924, 923, 922, 921, 920, 919, 918, 917, 916, 915, 913, 912, 911, 910, 909, 908, 907, 906, 905, 904, 903, 902, 901, 900, 899, 898, 897, 896, 895, 894, 893, 892, 891, 890, 889, 888, 887, 886, 885, 884, 883, 882, 881, 880, 879, 878, 876, 875, 874, 873, 872, 871, 870, 868, 867, 866, 865, 864, 863, 862, 861, 860, 859, 858, 857, 856, 855, 854, 853, 852, 851, 850, 849, 848, 847, 846, 844, 843, 842, 841, 840, 839, 838, 837, 836, 834, 833, 832, 831, 830, 829, 828, 827, 826, 825, 824, 823, 822, 821, 820, 819, 818, 817, 816, 815, 814, 813, 812, 811, 810, 809, 808, 807, 806, 805, 804, 803, 802, 801, 800, 799, 798, 797, 796, 795, 794, 793, 792, 791, 790, 789, 788, 787, 786, 785, 784, 783, 782, 781, 780, 779, 778, 777, 775, 774, 773, 772, 771, 769, 768, 767, 766, 765, 764, 763, 762, 761, 760, 759, 758, 757, 756, 755, 754, 753, 752, 751, 750, 749, 748, 747, 746, 745, 744, 743, 742, 741, 740, 739, 738, 737, 736, 735, 734, 733, 732, 731, 730, 729, 728, 727, 726, 725, 724, 723, 722, 721, 720, 719, 718, 717, 716, 715, 714, 713, 712, 711, 710, 709, 708, 707, 706, 705, 704, 703, 702, 701, 700, 699, 698, 697, 696, 695, 694, 693, 692, 691, 690, 689, 688, 687, 686, 685, 684, 683, 682, 681, 680, 679, 678, 677, 676, 675, 674, 673, 672, 671, 670, 669, 668, 667, 666, 665, 663, 662, 661, 660, 659, 658, 657, 656, 655, 654, 653, 652, 651, 650, 649, 648, 647, 646, 645, 644, 642, 641, 640, 639, 638, 637, 636, 635, 634, 633, 632, 631, 630, 629, 628, 627, 626, 625, 624, 623, 622, 621, 620, 619, 618, 617, 616, 615, 614, 613, 612, 611, 610, 609, 608, 607, 604, 603, 602, 601, 600, 598, 597, 596, 595, 594, 593, 592, 591, 590, 589, 588, 586, 585, 583, 582, 581, 580, 579, 578, 577, 576, 575, 574, 573, 572, 571, 570, 569, 568, 567, 566, 565, 564, 563, 562, 561, 560, 559, 558, 557, 556, 555, 554, 552, 551, 550, 549, 548, 547, 546, 544, 543, 542, 540, 539, 538, 537, 536, 535, 534, 533, 532, 531, 530, 529, 528, 527, 526, 525, 524, 523, 522, 521, 520, 518, 517, 516, 515, 514, 513, 512, 511, 510, 509, 507, 506, 505, 504, 503, 502, 501, 500, 499, 498, 497, 496, 495, 494, 493, 492, 491, 490, 489, 488, 487, 486, 485, 484, 483, 482, 481, 480, 478, 477, 476, 475, 474, 473, 472, 471, 470, 469, 468, 467, 466, 465, 464, 463, 462, 461, 460, 459, 458, 456, 455, 454, 453, 452, 451, 450, 449, 448, 447, 446, 445, 444, 443, 442, 441, 440, 439, 438, 437, 436, 435, 434, 433, 431, 430, 429, 427, 426, 425, 424, 423, 422, 421, 420, 418, 417, 416, 415, 414, 413, 412, 411, 410, 409, 408, 407, 406, 405, 404, 403, 402, 401, 400, 399, 398, 397, 396, 395, 394, 393, 392, 391, 390, 389, 388, 387, 386, 385, 384, 383, 382, 381, 380, 379, 378, 377, 376, 375, 374, 373, 372, 371, 370, 369, 368, 367, 366, 365, 364, 363, 362, 361, 360, 359, 358, 357, 356, 355, 354, 353, 352, 351, 350, 349, 348, 347, 346, 345, 344, 343, 342, 341, 340, 339, 338, 337, 336, 335, 334, 333, 332, 331, 330, 329, 328, 327, 326, 325, 324, 323, 322, 321, 320, 319, 318, 317, 316, 315, 314, 313, 312, 311, 310, 309, 308, 307, 306, 305, 304, 303, 302, 301, 300, 299, 298, 297, 296, 295, 294, 293, 292, 291, 290, 289, 288, 287, 286, 285, 284, 283, 282, 281, 280, 279, 278, 277, 276, 275, 274, 273, 272, 271, 270, 269, 268, 267, 266, 265, 264, 263, 262, 261, 260, 258, 257, 256, 255, 254, 253, 252, 251, 250, 249, 248, 247, 246, 245, 244, 243, 242, 241, 240, 239, 238, 237, 236, 235, 234, 233, 232, 231, 230, 229, 228, 227, 226, 225, 224, 223, 222, 221, 220, 219, 218, 217, 216, 215, 214, 213, 212, 211, 210, 209, 208, 207, 205, 204, 203, 202, 201, 199, 198, 196, 195, 194, 193, 192, 191, 190, 189, 188, 187, 186, 185, 184, 183, 182, 181, 180, 179, 178, 177, 176, 175, 174, 173, 172, 171, 170, 169, 168, 167, 166, 165, 164, 163, 162, 161, 160, 159, 157, 156, 155, 154, 153, 152, 151, 150, 149, 148, 147, 146, 145, 144, 143, 142, 141, 140, 139, 136, 135, 134, 133, 131, 130, 129, 127, 126, 125, 124, 123, 122, 121, 120, 118, 117, 116, 115, 114, 113, 112, 111, 110, 109, 108, 106, 105, 104, 103, 102, 101, 100, 99, 98, 97, 96, 95, 93, 92, 91, 90, 89, 88, 87, 86, 85, 84, 83, 82, 81, 80, 79, 78, 77, 76, 75, 74, 73, 72, 71, 70, 69, 68, 67, 66, 65, 64, 63, 62, 61, 60, 59, 58, 57, 56, 55, 54, 53, 52, 51, 50, 49, 48, 47, 46, 45, 44, 43, 42, 41, 40, 39, 38, 37, 36, 35, 34, 33, 32, 31, 30, 29, 28, 27, 26, 25, 24, 23, 22, 21, 20, 19, 18, 17, 16, 15, 14, 12, 11, 10, 9, 8, 7, 6, 5, 4, 3, 2, 1, 0]
k= 1
elapsed times: 
2.3000000002326715e-06
k= 3
elapsed times: 
2.19999999995224e-06
k= 480
elapsed times: 
2.099999999671809e-06
k= 960
elapsed times: 
2.1000000005599873e-06
---------------------------------DUPLICATE ARRAY ---------------------------------

n= 60
input: 
[1, 1, 1, 1, 1, 1, 1, 1, 1, 1, 1, 1, 1, 1, 1, 1, 1, 1, 1, 1, 1, 1, 1, 1, 1, 1, 1, 1, 1, 1, 1, 1, 1, 1, 1, 1, 1, 1, 1, 1, 1, 1, 1, 1, 1, 1, 1, 1, 1, 1, 1, 1, 1, 1, 1, 1, 1, 1, 1, 1]
k= 1
elapsed times: 
1.7999999997186933e-06
k= 3
elapsed times: 
1.7999999997186933e-06
k= 30
elapsed times: 
1.7000000003264404e-06
k= 60
elapsed times: 
1.7000000003264404e-06
n= 120
input: 
[1, 1, 1, 1, 1, 1, 1, 1, 1, 1, 1, 1, 1, 1, 1, 1, 1, 1, 1, 1, 1, 1, 1, 1, 1, 1, 1, 1, 1, 1, 1, 1, 1, 1, 1, 1, 1, 1, 1, 1, 1, 1, 1, 1, 1, 1, 1, 1, 1, 1, 1, 1, 1, 1, 1, 1, 1, 1, 1, 1, 1, 1, 1, 1, 1, 1, 1, 1, 1, 1, 1, 1, 1, 1, 1, 1, 1, 1, 1, 1, 1, 1, 1, 1, 1, 1, 1, 1, 1, 1, 1, 1, 1, 1, 1, 1, 1, 1, 1, 1, 1, 1, 1, 1, 1, 1, 1, 1, 1, 1, 1, 1, 1, 1, 1, 1, 1, 1, 1, 1]
k= 1
elapsed times: 
1.8999999999991246e-06
k= 3
elapsed times: 
1.600000000046009e-06
k= 60
elapsed times: 
1.600000000046009e-06
k= 120
elapsed times: 
1.7000000003264404e-06
n= 240
input: 
[1, 1, 1, 1, 1, 1, 1, 1, 1, 1, 1, 1, 1, 1, 1, 1, 1, 1, 1, 1, 1, 1, 1, 1, 1, 1, 1, 1, 1, 1, 1, 1, 1, 1, 1, 1, 1, 1, 1, 1, 1, 1, 1, 1, 1, 1, 1, 1, 1, 1, 1, 1, 1, 1, 1, 1, 1, 1, 1, 1, 1, 1, 1, 1, 1, 1, 1, 1, 1, 1, 1, 1, 1, 1, 1, 1, 1, 1, 1, 1, 1, 1, 1, 1, 1, 1, 1, 1, 1, 1, 1, 1, 1, 1, 1, 1, 1, 1, 1, 1, 1, 1, 1, 1, 1, 1, 1, 1, 1, 1, 1, 1, 1, 1, 1, 1, 1, 1, 1, 1, 1, 1, 1, 1, 1, 1, 1, 1, 1, 1, 1, 1, 1, 1, 1, 1, 1, 1, 1, 1, 1, 1, 1, 1, 1, 1, 1, 1, 1, 1, 1, 1, 1, 1, 1, 1, 1, 1, 1, 1, 1, 1, 1, 1, 1, 1, 1, 1, 1, 1, 1, 1, 1, 1, 1, 1, 1, 1, 1, 1, 1, 1, 1, 1, 1, 1, 1, 1, 1, 1, 1, 1, 1, 1, 1, 1, 1, 1, 1, 1, 1, 1, 1, 1, 1, 1, 1, 1, 1, 1, 1, 1, 1, 1, 1, 1, 1, 1, 1, 1, 1, 1, 1, 1, 1, 1, 1, 1, 1, 1, 1, 1, 1, 1, 1, 1, 1, 1, 1, 1]
k= 1
elapsed times: 
1.7000000003264404e-06
k= 3
elapsed times: 
1.7999999997186933e-06
k= 120
elapsed times: 
1.8000000006068717e-06
k= 240
elapsed times: 
1.7000000003264404e-06
n= 480
input: 
[1, 1, 1, 1, 1, 1, 1, 1, 1, 1, 1, 1, 1, 1, 1, 1, 1, 1, 1, 1, 1, 1, 1, 1, 1, 1, 1, 1, 1, 1, 1, 1, 1, 1, 1, 1, 1, 1, 1, 1, 1, 1, 1, 1, 1, 1, 1, 1, 1, 1, 1, 1, 1, 1, 1, 1, 1, 1, 1, 1, 1, 1, 1, 1, 1, 1, 1, 1, 1, 1, 1, 1, 1, 1, 1, 1, 1, 1, 1, 1, 1, 1, 1, 1, 1, 1, 1, 1, 1, 1, 1, 1, 1, 1, 1, 1, 1, 1, 1, 1, 1, 1, 1, 1, 1, 1, 1, 1, 1, 1, 1, 1, 1, 1, 1, 1, 1, 1, 1, 1, 1, 1, 1, 1, 1, 1, 1, 1, 1, 1, 1, 1, 1, 1, 1, 1, 1, 1, 1, 1, 1, 1, 1, 1, 1, 1, 1, 1, 1, 1, 1, 1, 1, 1, 1, 1, 1, 1, 1, 1, 1, 1, 1, 1, 1, 1, 1, 1, 1, 1, 1, 1, 1, 1, 1, 1, 1, 1, 1, 1, 1, 1, 1, 1, 1, 1, 1, 1, 1, 1, 1, 1, 1, 1, 1, 1, 1, 1, 1, 1, 1, 1, 1, 1, 1, 1, 1, 1, 1, 1, 1, 1, 1, 1, 1, 1, 1, 1, 1, 1, 1, 1, 1, 1, 1, 1, 1, 1, 1, 1, 1, 1, 1, 1, 1, 1, 1, 1, 1, 1, 1, 1, 1, 1, 1, 1, 1, 1, 1, 1, 1, 1, 1, 1, 1, 1, 1, 1, 1, 1, 1, 1, 1, 1, 1, 1, 1, 1, 1, 1, 1, 1, 1, 1, 1, 1, 1, 1, 1, 1, 1, 1, 1, 1, 1, 1, 1, 1, 1, 1, 1, 1, 1, 1, 1, 1, 1, 1, 1, 1, 1, 1, 1, 1, 1, 1, 1, 1, 1, 1, 1, 1, 1, 1, 1, 1, 1, 1, 1, 1, 1, 1, 1, 1, 1, 1, 1, 1, 1, 1, 1, 1, 1, 1, 1, 1, 1, 1, 1, 1, 1, 1, 1, 1, 1, 1, 1, 1, 1, 1, 1, 1, 1, 1, 1, 1, 1, 1, 1, 1, 1, 1, 1, 1, 1, 1, 1, 1, 1, 1, 1, 1, 1, 1, 1, 1, 1, 1, 1, 1, 1, 1, 1, 1, 1, 1, 1, 1, 1, 1, 1, 1, 1, 1, 1, 1, 1, 1, 1, 1, 1, 1, 1, 1, 1, 1, 1, 1, 1, 1, 1, 1, 1, 1, 1, 1, 1, 1, 1, 1, 1, 1, 1, 1, 1, 1, 1, 1, 1, 1, 1, 1, 1, 1, 1, 1, 1, 1, 1, 1, 1, 1, 1, 1, 1, 1, 1, 1, 1, 1, 1, 1, 1, 1, 1, 1, 1, 1, 1, 1, 1, 1, 1, 1, 1, 1, 1, 1, 1, 1, 1, 1, 1, 1, 1, 1, 1, 1, 1, 1]
k= 1
elapsed times: 
2.099999999671809e-06
k= 3
elapsed times: 
2.099999999671809e-06
k= 240
elapsed times: 
2.1000000005599873e-06
k= 480
elapsed times: 
2.000000000279556e-06
n= 960
input: 
[1, 1, 1, 1, 1, 1, 1, 1, 1, 1, 1, 1, 1, 1, 1, 1, 1, 1, 1, 1, 1, 1, 1, 1, 1, 1, 1, 1, 1, 1, 1, 1, 1, 1, 1, 1, 1, 1, 1, 1, 1, 1, 1, 1, 1, 1, 1, 1, 1, 1, 1, 1, 1, 1, 1, 1, 1, 1, 1, 1, 1, 1, 1, 1, 1, 1, 1, 1, 1, 1, 1, 1, 1, 1, 1, 1, 1, 1, 1, 1, 1, 1, 1, 1, 1, 1, 1, 1, 1, 1, 1, 1, 1, 1, 1, 1, 1, 1, 1, 1, 1, 1, 1, 1, 1, 1, 1, 1, 1, 1, 1, 1, 1, 1, 1, 1, 1, 1, 1, 1, 1, 1, 1, 1, 1, 1, 1, 1, 1, 1, 1, 1, 1, 1, 1, 1, 1, 1, 1, 1, 1, 1, 1, 1, 1, 1, 1, 1, 1, 1, 1, 1, 1, 1, 1, 1, 1, 1, 1, 1, 1, 1, 1, 1, 1, 1, 1, 1, 1, 1, 1, 1, 1, 1, 1, 1, 1, 1, 1, 1, 1, 1, 1, 1, 1, 1, 1, 1, 1, 1, 1, 1, 1, 1, 1, 1, 1, 1, 1, 1, 1, 1, 1, 1, 1, 1, 1, 1, 1, 1, 1, 1, 1, 1, 1, 1, 1, 1, 1, 1, 1, 1, 1, 1, 1, 1, 1, 1, 1, 1, 1, 1, 1, 1, 1, 1, 1, 1, 1, 1, 1, 1, 1, 1, 1, 1, 1, 1, 1, 1, 1, 1, 1, 1, 1, 1, 1, 1, 1, 1, 1, 1, 1, 1, 1, 1, 1, 1, 1, 1, 1, 1, 1, 1, 1, 1, 1, 1, 1, 1, 1, 1, 1, 1, 1, 1, 1, 1, 1, 1, 1, 1, 1, 1, 1, 1, 1, 1, 1, 1, 1, 1, 1, 1, 1, 1, 1, 1, 1, 1, 1, 1, 1, 1, 1, 1, 1, 1, 1, 1, 1, 1, 1, 1, 1, 1, 1, 1, 1, 1, 1, 1, 1, 1, 1, 1, 1, 1, 1, 1, 1, 1, 1, 1, 1, 1, 1, 1, 1, 1, 1, 1, 1, 1, 1, 1, 1, 1, 1, 1, 1, 1, 1, 1, 1, 1, 1, 1, 1, 1, 1, 1, 1, 1, 1, 1, 1, 1, 1, 1, 1, 1, 1, 1, 1, 1, 1, 1, 1, 1, 1, 1, 1, 1, 1, 1, 1, 1, 1, 1, 1, 1, 1, 1, 1, 1, 1, 1, 1, 1, 1, 1, 1, 1, 1, 1, 1, 1, 1, 1, 1, 1, 1, 1, 1, 1, 1, 1, 1, 1, 1, 1, 1, 1, 1, 1, 1, 1, 1, 1, 1, 1, 1, 1, 1, 1, 1, 1, 1, 1, 1, 1, 1, 1, 1, 1, 1, 1, 1, 1, 1, 1, 1, 1, 1, 1, 1, 1, 1, 1, 1, 1, 1, 1, 1, 1, 1, 1, 1, 1, 1, 1, 1, 1, 1, 1, 1, 1, 1, 1, 1, 1, 1, 1, 1, 1, 1, 1, 1, 1, 1, 1, 1, 1, 1, 1, 1, 1, 1, 1, 1, 1, 1, 1, 1, 1, 1, 1, 1, 1, 1, 1, 1, 1, 1, 1, 1, 1, 1, 1, 1, 1, 1, 1, 1, 1, 1, 1, 1, 1, 1, 1, 1, 1, 1, 1, 1, 1, 1, 1, 1, 1, 1, 1, 1, 1, 1, 1, 1, 1, 1, 1, 1, 1, 1, 1, 1, 1, 1, 1, 1, 1, 1, 1, 1, 1, 1, 1, 1, 1, 1, 1, 1, 1, 1, 1, 1, 1, 1, 1, 1, 1, 1, 1, 1, 1, 1, 1, 1, 1, 1, 1, 1, 1, 1, 1, 1, 1, 1, 1, 1, 1, 1, 1, 1, 1, 1, 1, 1, 1, 1, 1, 1, 1, 1, 1, 1, 1, 1, 1, 1, 1, 1, 1, 1, 1, 1, 1, 1, 1, 1, 1, 1, 1, 1, 1, 1, 1, 1, 1, 1, 1, 1, 1, 1, 1, 1, 1, 1, 1, 1, 1, 1, 1, 1, 1, 1, 1, 1, 1, 1, 1, 1, 1, 1, 1, 1, 1, 1, 1, 1, 1, 1, 1, 1, 1, 1, 1, 1, 1, 1, 1, 1, 1, 1, 1, 1, 1, 1, 1, 1, 1, 1, 1, 1, 1, 1, 1, 1, 1, 1, 1, 1, 1, 1, 1, 1, 1, 1, 1, 1, 1, 1, 1, 1, 1, 1, 1, 1, 1, 1, 1, 1, 1, 1, 1, 1, 1, 1, 1, 1, 1, 1, 1, 1, 1, 1, 1, 1, 1, 1, 1, 1, 1, 1, 1, 1, 1, 1, 1, 1, 1, 1, 1, 1, 1, 1, 1, 1, 1, 1, 1, 1, 1, 1, 1, 1, 1, 1, 1, 1, 1, 1, 1, 1, 1, 1, 1, 1, 1, 1, 1, 1, 1, 1, 1, 1, 1, 1, 1, 1, 1, 1, 1, 1, 1, 1, 1, 1, 1, 1, 1, 1, 1, 1, 1, 1, 1, 1, 1, 1, 1, 1, 1, 1, 1, 1, 1, 1, 1, 1, 1, 1, 1, 1, 1, 1, 1, 1, 1, 1, 1, 1, 1, 1, 1, 1, 1, 1, 1, 1, 1, 1, 1, 1, 1, 1, 1, 1, 1, 1, 1, 1, 1, 1, 1, 1, 1, 1, 1, 1, 1, 1, 1, 1, 1, 1, 1, 1, 1, 1, 1, 1, 1, 1, 1, 1, 1, 1, 1, 1, 1, 1, 1, 1, 1, 1, 1, 1, 1, 1, 1, 1, 1, 1, 1, 1, 1, 1, 1, 1, 1, 1, 1, 1, 1, 1, 1, 1, 1, 1, 1, 1, 1, 1, 1, 1, 1, 1, 1, 1, 1, 1, 1, 1, 1, 1, 1, 1, 1, 1, 1, 1, 1, 1, 1, 1, 1, 1, 1, 1, 1, 1, 1, 1, 1, 1, 1, 1, 1]
k= 1
elapsed times: 
2.1000000005599873e-06
k= 3
elapsed times: 
2.299999999344493e-06
k= 480
elapsed times: 
2.3000000002326715e-06
k= 960
elapsed times: 
2.3999999996249244e-06
--------------------------------- AVERAGE ---------------------------------

Average when k:3
elapsed times: 
[2.140000000139253e-06, 4.179999999820438e-06, 6.219999999501624e-06, 8.319999999883975e-06, 1.033999999968671e-05]