Quick Sort Analyis

--------------------------------- INITIAL ARRAY ---------------------------------

n= 60
input: 
[904, 861, 754, 206, 479, 766, 509, 197, 489, 938, 457, 295, 925, 333, 102, 274, 978, 788, 267, 910, 11, 751, 313, 81, 378, 596, 671, 527, 468, 465, 113, 446, 339, 407, 78, 403, 27, 714, 325, 748, 2, 763, 968, 923, 88, 441, 136, 471, 821, 338, 668, 592, 948, 633, 364, 583, 760, 305, 899, 731]
elapsed times: 
0.00020830000000016113
n= 120
input: 
[605, 573, 456, 693, 608, 316, 306, 629, 633, 556, 764, 920, 620, 72, 964, 342, 460, 636, 134, 62, 88, 320, 436, 537, 590, 822, 223, 203, 40, 973, 169, 630, 868, 21, 38, 955, 423, 231, 544, 355, 82, 127, 792, 132, 4, 639, 999, 619, 810, 129, 424, 375, 224, 566, 893, 395, 989, 464, 668, 472, 326, 157, 126, 443, 453, 595, 454, 383, 242, 487, 94, 56, 31, 410, 958, 916, 145, 225, 655, 77, 923, 844, 415, 716, 489, 588, 995, 814, 669, 847, 465, 133, 2, 515, 726, 863, 924, 885, 399, 905, 79, 929, 255, 947, 369, 527, 7, 217, 5, 922, 303, 256, 275, 299, 144, 708, 833, 586, 721, 941]
elapsed times: 
0.00047549999999985104
n= 240
input: 
[463, 738, 629, 41, 564, 674, 955, 309, 579, 972, 16, 610, 78, 370, 440, 358, 735, 820, 653, 38, 187, 648, 697, 294, 44, 63, 996, 798, 888, 608, 17, 73, 80, 43, 675, 46, 765, 491, 535, 166, 445, 229, 208, 276, 35, 731, 721, 224, 982, 814, 279, 526, 201, 992, 281, 694, 5, 899, 854, 369, 649, 367, 643, 758, 737, 436, 71, 117, 76, 147, 3, 585, 850, 766, 650, 613, 133, 102, 541, 714, 574, 288, 211, 350, 840, 157, 461, 776, 787, 180, 739, 688, 931, 804, 566, 447, 237, 507, 195, 708, 368, 419, 214, 311, 963, 433, 434, 159, 322, 230, 761, 896, 647, 424, 416, 829, 58, 244, 194, 869, 486, 946, 663, 924, 251, 203, 372, 471, 82, 686, 954, 111, 178, 351, 420, 973, 14, 315, 712, 113, 907, 894, 673, 934, 500, 715, 785, 340, 747, 165, 651, 691, 67, 460, 150, 669, 36, 690, 803, 560, 976, 377, 254, 141, 271, 245, 452, 47, 994, 61, 980, 222, 431, 218, 910, 852, 172, 59, 833, 327, 637, 938, 310, 609, 660, 168, 657, 325, 893, 428, 770, 682, 200, 827, 945, 523, 89, 977, 2, 161, 391, 34, 646, 273, 630, 148, 10, 534, 839, 628, 603, 677, 492, 822, 860, 96, 873, 874, 439, 772, 815, 810, 18, 722, 666, 265, 530, 951, 652, 156, 21, 960, 676, 494, 575, 70, 99, 335, 263, 301]
elapsed times: 
0.0012476999999999627
n= 480
input: 
[941, 248, 255, 792, 440, 695, 367, 541, 279, 937, 503, 553, 876, 4, 893, 146, 578, 486, 560, 851, 396, 770, 341, 471, 974, 232, 210, 403, 197, 41, 260, 25, 44, 390, 507, 608, 989, 65, 616, 667, 298, 825, 380, 475, 199, 837, 323, 470, 639, 801, 840, 322, 393, 641, 19, 753, 465, 905, 766, 642, 950, 634, 981, 155, 43, 787, 916, 479, 417, 350, 868, 550, 109, 51, 377, 833, 181, 596, 727, 48, 183, 105, 108, 320, 389, 315, 570, 334, 271, 784, 397, 595, 360, 335, 924, 741, 115, 537, 325, 416, 378, 165, 858, 90, 89, 250, 11, 356, 233, 306, 95, 813, 22, 244, 671, 995, 994, 748, 492, 66, 374, 820, 889, 959, 877, 875, 777, 961, 865, 207, 459, 818, 498, 938, 737, 72, 681, 319, 610, 256, 532, 474, 418, 986, 253, 930, 55, 629, 966, 423, 328, 333, 606, 24, 675, 804, 524, 749, 502, 331, 405, 579, 643, 45, 81, 472, 387, 408, 772, 289, 272, 163, 404, 940, 151, 968, 46, 700, 944, 311, 433, 339, 451, 363, 158, 773, 604, 316, 336, 130, 559, 177, 745, 186, 73, 859, 693, 435, 277, 644, 744, 746, 453, 815, 528, 862, 353, 129, 443, 273, 782, 293, 312, 434, 251, 848, 292, 970, 710, 347, 225, 215, 549, 617, 299, 74, 116, 58, 750, 856, 504, 295, 658, 114, 891, 715, 307, 590, 2, 525, 493, 32, 972, 204, 703, 119, 540, 180, 291, 508, 476, 512, 861, 327, 795, 300, 739, 582, 371, 869, 209, 832, 843, 731, 343, 971, 57, 113, 764, 805, 685, 411, 249, 573, 17, 716, 27, 213, 852, 26, 372, 458, 625, 205, 542, 760, 761, 827, 651, 536, 156, 464, 732, 123, 308, 220, 238, 0, 547, 954, 168, 929, 266, 613, 102, 952, 145, 33, 572, 128, 194, 800, 386, 545, 836, 239, 133, 654, 593, 202, 720, 429, 953, 286, 222, 932, 674, 28, 973, 678, 890, 522, 999, 663, 543, 592, 872, 722, 863, 918, 600, 442, 121, 172, 228, 171, 414, 513, 148, 569, 597, 309, 268, 203, 88, 621, 926, 173, 752, 264, 402, 812, 8, 810, 125, 853, 358, 92, 454, 84, 483, 914, 778, 589, 302, 112, 399, 991, 791, 107, 807, 34, 839, 723, 980, 647, 802, 267, 768, 246, 21, 571, 240, 699, 584, 920, 551, 466, 152, 511, 664, 714, 755, 781, 517, 706, 214, 86, 438, 71, 561, 823, 349, 175, 70, 94, 447, 63, 844, 514, 379, 193, 446, 996, 527, 428, 235, 198, 591, 816, 925, 698, 317, 646, 481, 969, 395, 913, 23, 166, 376, 901, 797, 857, 880, 413, 179, 509, 473, 77, 676, 247, 728, 988, 660, 568, 460, 169, 670, 192, 828, 9, 132, 243, 831, 394, 934, 167, 149, 622, 178, 538, 164, 556, 692, 147, 14, 947, 535, 139]
elapsed times: 
0.003591800000000145
n= 960
input: 
[650, 925, 732, 614, 738, 382, 908, 513, 281, 551, 900, 185, 186, 847, 486, 890, 426, 207, 747, 840, 217, 780, 886, 24, 210, 184, 546, 981, 326, 771, 670, 980, 488, 288, 116, 6, 182, 278, 965, 483, 127, 311, 328, 169, 549, 807, 812, 997, 251, 136, 623, 110, 14, 504, 460, 527, 987, 715, 616, 336, 275, 810, 787, 393, 844, 467, 842, 239, 776, 273, 308, 154, 270, 763, 804, 462, 421, 231, 50, 512, 627, 977, 325, 313, 280, 617, 928, 195, 995, 896, 507, 491, 912, 986, 882, 866, 972, 677, 567, 335, 193, 471, 541, 968, 260, 324, 848, 26, 600, 845, 684, 289, 523, 155, 947, 168, 368, 693, 140, 403, 739, 377, 463, 936, 282, 672, 87, 746, 248, 71, 42, 799, 836, 592, 991, 134, 591, 162, 544, 654, 252, 190, 401, 532, 772, 465, 514, 423, 342, 149, 801, 563, 536, 609, 73, 12, 821, 250, 629, 741, 511, 686, 828, 355, 996, 957, 723, 560, 792, 535, 577, 610, 540, 605, 298, 237, 606, 202, 392, 825, 339, 707, 902, 671, 197, 581, 522, 664, 11, 91, 391, 84, 201, 781, 62, 1000, 381, 113, 867, 56, 959, 590, 390, 699, 946, 177, 701, 238, 698, 724, 165, 163, 445, 384, 883, 69, 416, 612, 967, 347, 628, 475, 115, 608, 135, 576, 649, 613, 595, 868, 451, 375, 651, 942, 102, 611, 219, 832, 256, 27, 679, 966, 555, 448, 312, 652, 173, 419, 918, 374, 232, 2, 766, 524, 860, 538, 871, 405, 473, 647, 857, 386, 198, 108, 879, 509, 388, 428, 25, 659, 346, 708, 4, 582, 437, 641, 588, 894, 734, 811, 7, 704, 433, 371, 218, 660, 726, 367, 587, 104, 233, 795, 861, 442, 548, 570, 456, 300, 826, 131, 90, 242, 224, 568, 269, 917, 132, 764, 559, 480, 97, 689, 835, 829, 55, 880, 318, 630, 529, 334, 666, 320, 790, 530, 125, 261, 128, 931, 316, 1, 70, 518, 717, 459, 547, 599, 667, 129, 999, 843, 305, 121, 913, 521, 340, 920, 971, 884, 343, 637, 862, 101, 322, 109, 703, 815, 453, 619, 877, 255, 952, 246, 526, 621, 8, 447, 321, 713, 123, 348, 151, 502, 633, 786, 294, 274, 580, 497, 22, 21, 188, 503, 678, 989, 899, 760, 816, 189, 130, 594, 263, 777, 490, 501, 646, 515, 685, 293, 516, 389, 443, 695, 634, 364, 773, 89, 146, 79, 234, 765, 216, 241, 496, 964, 831, 350, 785, 478, 761, 236, 247, 48, 29, 990, 306, 220, 413, 112, 566, 813, 493, 970, 675, 716, 700, 951, 33, 180, 34, 665, 668, 906, 827, 43, 409, 702, 16, 485, 292, 823, 645, 798, 464, 164, 126, 440, 399, 930, 330, 558, 934, 770, 262, 295, 117, 887, 118, 960, 187, 111, 681, 688, 310, 919, 95, 285, 837, 303, 539, 891, 950, 379, 639, 327, 915, 474, 407, 494, 75, 206, 271, 18, 469, 833, 439, 105, 253, 778, 455, 290, 425, 500, 244, 888, 876, 743, 775, 978, 737, 181, 935, 179, 903, 733, 106, 531, 119, 80, 954, 593, 221, 748, 349, 537, 720, 904, 901, 94, 846, 359, 985, 46, 138, 235, 373, 159, 706, 398, 470, 932, 683, 927, 750, 878, 673, 676, 383, 267, 35, 431, 141, 850, 725, 941, 615, 658, 287, 38, 438, 66, 691, 572, 584, 852, 817, 604, 929, 642, 949, 756, 841, 299, 454, 319, 803, 905, 849, 47, 157, 769, 624, 309, 648, 495, 489, 228, 362, 358, 230, 60, 916, 722, 638, 937, 874, 200, 114, 753, 820, 385, 133, 468, 794, 408, 363, 943, 553, 814, 344, 283, 209, 167, 520, 338, 870, 661, 643, 39, 662, 550, 286, 692, 61, 719, 277, 436, 782, 479, 276, 784, 272, 36, 291, 499, 196, 205, 768, 45, 307, 889, 714, 984, 969, 528, 92, 940, 404, 921, 178, 875, 487, 711, 759, 441, 789, 243, 863, 100, 774, 107, 74, 472, 257, 869, 67, 432, 783, 0, 5, 709, 315, 963, 357, 822, 63, 578, 449, 818, 749, 622, 192, 332, 492, 345, 573, 948, 477, 175, 718, 574, 565, 142, 694, 412, 229, 892, 545, 424, 203, 961, 199, 508, 194, 481, 601, 64, 589, 427, 754, 543, 212, 885, 226, 387, 858, 215, 458, 450, 144, 317, 805, 160, 81, 376, 32, 284, 727, 922, 400, 301, 420, 65, 52, 406, 721, 644, 457, 68, 705, 93, 656, 19, 793, 897, 834, 579, 939, 120, 851, 417, 809, 636, 365, 728, 354, 103, 85, 855, 710, 602, 631, 31, 682, 953, 331, 561, 973, 150, 153, 788, 909, 525, 926, 259, 96, 122, 434, 435, 51, 137, 147, 86, 378, 156, 992, 873, 245, 40, 304, 893, 171, 352, 57, 505, 552, 396, 361, 819, 172, 211, 752, 517, 791, 152, 806, 854, 28, 53, 853, 690, 88, 54, 519, 962, 598, 99, 800, 356, 993, 618, 204, 907, 17, 742, 214, 266, 461, 166, 337, 82, 983, 938, 669, 411, 395, 534, 329, 58, 556, 3, 223, 923, 914, 208, 674, 9, 881, 740, 696, 982, 170, 76, 655, 955, 585, 583, 824, 731, 446, 510, 148, 77, 767, 366, 830, 498, 49, 98, 466, 83, 333, 370, 13, 183, 729, 762, 430, 808, 249, 297, 484, 380, 213, 635, 360, 945, 562, 10, 864, 712, 302, 225, 414, 323, 924, 369, 191, 735, 796, 410, 859, 596, 240, 974, 751, 176, 314, 944, 30, 603, 476, 444, 898, 911, 575, 745, 975, 607, 956, 757, 758, 429, 626, 452, 37, 254, 124, 988, 640, 597, 506, 797, 736, 571, 15, 402, 353, 557, 744, 415, 680, 422, 41, 20, 397, 856, 533, 227, 620, 72, 697, 569, 44, 482, 872, 895, 755, 632, 838, 222]
elapsed times: 
0.004719300000000093
--------------------------------- SORTED ARRAY ---------------------------------

n= 60
input: 
[2, 11, 27, 78, 81, 88, 102, 113, 136, 197, 206, 267, 274, 295, 305, 313, 325, 333, 338, 339, 364, 378, 403, 407, 441, 446, 457, 465, 468, 471, 479, 489, 509, 527, 583, 592, 596, 633, 668, 671, 714, 731, 748, 751, 754, 760, 763, 766, 788, 821, 861, 899, 904, 910, 923, 925, 938, 948, 968, 978]
elapsed times: 
0.0002572999999999048
n= 120
input: 
[2, 4, 5, 7, 21, 31, 38, 40, 56, 62, 72, 77, 79, 82, 88, 94, 126, 127, 129, 132, 133, 134, 144, 145, 157, 169, 203, 217, 223, 224, 225, 231, 242, 255, 256, 275, 299, 303, 306, 316, 320, 326, 342, 355, 369, 375, 383, 395, 399, 410, 415, 423, 424, 436, 443, 453, 454, 456, 460, 464, 465, 472, 487, 489, 515, 527, 537, 544, 556, 566, 573, 586, 588, 590, 595, 605, 608, 619, 620, 629, 630, 633, 636, 639, 655, 668, 669, 693, 708, 716, 721, 726, 764, 792, 810, 814, 822, 833, 844, 847, 863, 868, 885, 893, 905, 916, 920, 922, 923, 924, 929, 941, 947, 955, 958, 964, 973, 989, 995, 999]
elapsed times: 
0.0012284999999998547
n= 240
input: 
[2, 3, 5, 10, 14, 16, 17, 18, 21, 34, 35, 36, 38, 41, 43, 44, 46, 47, 58, 59, 61, 63, 67, 70, 71, 73, 76, 78, 80, 82, 89, 96, 99, 102, 111, 113, 117, 133, 141, 147, 148, 150, 156, 157, 159, 161, 165, 166, 168, 172, 178, 180, 187, 194, 195, 200, 201, 203, 208, 211, 214, 218, 222, 224, 229, 230, 237, 244, 245, 251, 254, 263, 265, 271, 273, 276, 279, 281, 288, 294, 301, 309, 310, 311, 315, 322, 325, 327, 335, 340, 350, 351, 358, 367, 368, 369, 370, 372, 377, 391, 416, 419, 420, 424, 428, 431, 433, 434, 436, 439, 440, 445, 447, 452, 460, 461, 463, 471, 486, 491, 492, 494, 500, 507, 523, 526, 530, 534, 535, 541, 560, 564, 566, 574, 575, 579, 585, 603, 608, 609, 610, 613, 628, 629, 630, 637, 643, 646, 647, 648, 649, 650, 651, 652, 653, 657, 660, 663, 666, 669, 673, 674, 675, 676, 677, 682, 686, 688, 690, 691, 694, 697, 708, 712, 714, 715, 721, 722, 731, 735, 737, 738, 739, 747, 758, 761, 765, 766, 770, 772, 776, 785, 787, 798, 803, 804, 810, 814, 815, 820, 822, 827, 829, 833, 839, 840, 850, 852, 854, 860, 869, 873, 874, 888, 893, 894, 896, 899, 907, 910, 924, 931, 934, 938, 945, 946, 951, 954, 955, 960, 963, 972, 973, 976, 977, 980, 982, 992, 994, 996]
elapsed times: 
0.0031711000000003153
n= 480
input: 
[0, 2, 4, 8, 9, 11, 14, 17, 19, 21, 22, 23, 24, 25, 26, 27, 28, 32, 33, 34, 41, 43, 44, 45, 46, 48, 51, 55, 57, 58, 63, 65, 66, 70, 71, 72, 73, 74, 77, 81, 84, 86, 88, 89, 90, 92, 94, 95, 102, 105, 107, 108, 109, 112, 113, 114, 115, 116, 119, 121, 123, 125, 128, 129, 130, 132, 133, 139, 145, 146, 147, 148, 149, 151, 152, 155, 156, 158, 163, 164, 165, 166, 167, 168, 169, 171, 172, 173, 175, 177, 178, 179, 180, 181, 183, 186, 192, 193, 194, 197, 198, 199, 202, 203, 204, 205, 207, 209, 210, 213, 214, 215, 220, 222, 225, 228, 232, 233, 235, 238, 239, 240, 243, 244, 246, 247, 248, 249, 250, 251, 253, 255, 256, 260, 264, 266, 267, 268, 271, 272, 273, 277, 279, 286, 289, 291, 292, 293, 295, 298, 299, 300, 302, 306, 307, 308, 309, 311, 312, 315, 316, 317, 319, 320, 322, 323, 325, 327, 328, 331, 333, 334, 335, 336, 339, 341, 343, 347, 349, 350, 353, 356, 358, 360, 363, 367, 371, 372, 374, 376, 377, 378, 379, 380, 386, 387, 389, 390, 393, 394, 395, 396, 397, 399, 402, 403, 404, 405, 408, 411, 413, 414, 416, 417, 418, 423, 428, 429, 433, 434, 435, 438, 440, 442, 443, 446, 447, 451, 453, 454, 458, 459, 460, 464, 465, 466, 470, 471, 472, 473, 474, 475, 476, 479, 481, 483, 486, 492, 493, 498, 502, 503, 504, 507, 508, 509, 511, 512, 513, 514, 517, 522, 524, 525, 527, 528, 532, 535, 536, 537, 538, 540, 541, 542, 543, 545, 547, 549, 550, 551, 553, 556, 559, 560, 561, 568, 569, 570, 571, 572, 573, 578, 579, 582, 584, 589, 590, 591, 592, 593, 595, 596, 597, 600, 604, 606, 608, 610, 613, 616, 617, 621, 622, 625, 629, 634, 639, 641, 642, 643, 644, 646, 647, 651, 654, 658, 660, 663, 664, 667, 670, 671, 674, 675, 676, 678, 681, 685, 692, 693, 695, 698, 699, 700, 703, 706, 710, 714, 715, 716, 720, 722, 723, 727, 728, 731, 732, 737, 739, 741, 744, 745, 746, 748, 749, 750, 752, 753, 755, 760, 761, 764, 766, 768, 770, 772, 773, 777, 778, 781, 782, 784, 787, 791, 792, 795, 797, 800, 801, 802, 804, 805, 807, 810, 812, 813, 815, 816, 818, 820, 823, 825, 827, 828, 831, 832, 833, 836, 837, 839, 840, 843, 844, 848, 851, 852, 853, 856, 857, 858, 859, 861, 862, 863, 865, 868, 869, 872, 875, 876, 877, 880, 889, 890, 891, 893, 901, 905, 913, 914, 916, 918, 920, 924, 925, 926, 929, 930, 932, 934, 937, 938, 940, 941, 944, 947, 950, 952, 953, 954, 959, 961, 966, 968, 969, 970, 971, 972, 973, 974, 980, 981, 986, 988, 989, 991, 994, 995, 996, 999]
elapsed times: 
0.020655300000000043
n= 960
input: 
[0, 1, 2, 3, 4, 5, 6, 7, 8, 9, 10, 11, 12, 13, 14, 15, 16, 17, 18, 19, 20, 21, 22, 24, 25, 26, 27, 28, 29, 30, 31, 32, 33, 34, 35, 36, 37, 38, 39, 40, 41, 42, 43, 44, 45, 46, 47, 48, 49, 50, 51, 52, 53, 54, 55, 56, 57, 58, 60, 61, 62, 63, 64, 65, 66, 67, 68, 69, 70, 71, 72, 73, 74, 75, 76, 77, 79, 80, 81, 82, 83, 84, 85, 86, 87, 88, 89, 90, 91, 92, 93, 94, 95, 96, 97, 98, 99, 100, 101, 102, 103, 104, 105, 106, 107, 108, 109, 110, 111, 112, 113, 114, 115, 116, 117, 118, 119, 120, 121, 122, 123, 124, 125, 126, 127, 128, 129, 130, 131, 132, 133, 134, 135, 136, 137, 138, 140, 141, 142, 144, 146, 147, 148, 149, 150, 151, 152, 153, 154, 155, 156, 157, 159, 160, 162, 163, 164, 165, 166, 167, 168, 169, 170, 171, 172, 173, 175, 176, 177, 178, 179, 180, 181, 182, 183, 184, 185, 186, 187, 188, 189, 190, 191, 192, 193, 194, 195, 196, 197, 198, 199, 200, 201, 202, 203, 204, 205, 206, 207, 208, 209, 210, 211, 212, 213, 214, 215, 216, 217, 218, 219, 220, 221, 222, 223, 224, 225, 226, 227, 228, 229, 230, 231, 232, 233, 234, 235, 236, 237, 238, 239, 240, 241, 242, 243, 244, 245, 246, 247, 248, 249, 250, 251, 252, 253, 254, 255, 256, 257, 259, 260, 261, 262, 263, 266, 267, 269, 270, 271, 272, 273, 274, 275, 276, 277, 278, 280, 281, 282, 283, 284, 285, 286, 287, 288, 289, 290, 291, 292, 293, 294, 295, 297, 298, 299, 300, 301, 302, 303, 304, 305, 306, 307, 308, 309, 310, 311, 312, 313, 314, 315, 316, 317, 318, 319, 320, 321, 322, 323, 324, 325, 326, 327, 328, 329, 330, 331, 332, 333, 334, 335, 336, 337, 338, 339, 340, 342, 343, 344, 345, 346, 347, 348, 349, 350, 352, 353, 354, 355, 356, 357, 358, 359, 360, 361, 362, 363, 364, 365, 366, 367, 368, 369, 370, 371, 373, 374, 375, 376, 377, 378, 379, 380, 381, 382, 383, 384, 385, 386, 387, 388, 389, 390, 391, 392, 393, 395, 396, 397, 398, 399, 400, 401, 402, 403, 404, 405, 406, 407, 408, 409, 410, 411, 412, 413, 414, 415, 416, 417, 419, 420, 421, 422, 423, 424, 425, 426, 427, 428, 429, 430, 431, 432, 433, 434, 435, 436, 437, 438, 439, 440, 441, 442, 443, 444, 445, 446, 447, 448, 449, 450, 451, 452, 453, 454, 455, 456, 457, 458, 459, 460, 461, 462, 463, 464, 465, 466, 467, 468, 469, 470, 471, 472, 473, 474, 475, 476, 477, 478, 479, 480, 481, 482, 483, 484, 485, 486, 487, 488, 489, 490, 491, 492, 493, 494, 495, 496, 497, 498, 499, 500, 501, 502, 503, 504, 505, 506, 507, 508, 509, 510, 511, 512, 513, 514, 515, 516, 517, 518, 519, 520, 521, 522, 523, 524, 525, 526, 527, 528, 529, 530, 531, 532, 533, 534, 535, 536, 537, 538, 539, 540, 541, 543, 544, 545, 546, 547, 548, 549, 550, 551, 552, 553, 555, 556, 557, 558, 559, 560, 561, 562, 563, 565, 566, 567, 568, 569, 570, 571, 572, 573, 574, 575, 576, 577, 578, 579, 580, 581, 582, 583, 584, 585, 587, 588, 589, 590, 591, 592, 593, 594, 595, 596, 597, 598, 599, 600, 601, 602, 603, 604, 605, 606, 607, 608, 609, 610, 611, 612, 613, 614, 615, 616, 617, 618, 619, 620, 621, 622, 623, 624, 626, 627, 628, 629, 630, 631, 632, 633, 634, 635, 636, 637, 638, 639, 640, 641, 642, 643, 644, 645, 646, 647, 648, 649, 650, 651, 652, 654, 655, 656, 658, 659, 660, 661, 662, 664, 665, 666, 667, 668, 669, 670, 671, 672, 673, 674, 675, 676, 677, 678, 679, 680, 681, 682, 683, 684, 685, 686, 688, 689, 690, 691, 692, 693, 694, 695, 696, 697, 698, 699, 700, 701, 702, 703, 704, 705, 706, 707, 708, 709, 710, 711, 712, 713, 714, 715, 716, 717, 718, 719, 720, 721, 722, 723, 724, 725, 726, 727, 728, 729, 731, 732, 733, 734, 735, 736, 737, 738, 739, 740, 741, 742, 743, 744, 745, 746, 747, 748, 749, 750, 751, 752, 753, 754, 755, 756, 757, 758, 759, 760, 761, 762, 763, 764, 765, 766, 767, 768, 769, 770, 771, 772, 773, 774, 775, 776, 777, 778, 780, 781, 782, 783, 784, 785, 786, 787, 788, 789, 790, 791, 792, 793, 794, 795, 796, 797, 798, 799, 800, 801, 803, 804, 805, 806, 807, 808, 809, 810, 811, 812, 813, 814, 815, 816, 817, 818, 819, 820, 821, 822, 823, 824, 825, 826, 827, 828, 829, 830, 831, 832, 833, 834, 835, 836, 837, 838, 840, 841, 842, 843, 844, 845, 846, 847, 848, 849, 850, 851, 852, 853, 854, 855, 856, 857, 858, 859, 860, 861, 862, 863, 864, 866, 867, 868, 869, 870, 871, 872, 873, 874, 875, 876, 877, 878, 879, 880, 881, 882, 883, 884, 885, 886, 887, 888, 889, 890, 891, 892, 893, 894, 895, 896, 897, 898, 899, 900, 901, 902, 903, 904, 905, 906, 907, 908, 909, 911, 912, 913, 914, 915, 916, 917, 918, 919, 920, 921, 922, 923, 924, 925, 926, 927, 928, 929, 930, 931, 932, 934, 935, 936, 937, 938, 939, 940, 941, 942, 943, 944, 945, 946, 947, 948, 949, 950, 951, 952, 953, 954, 955, 956, 957, 959, 960, 961, 962, 963, 964, 965, 966, 967, 968, 969, 970, 971, 972, 973, 974, 975, 977, 978, 980, 981, 982, 983, 984, 985, 986, 987, 988, 989, 990, 991, 992, 993, 995, 996, 997, 999, 1000]
elapsed times: 
0.05213440000000036
--------------------------------- REVERSED SORTED ARRAY ---------------------------------

n= 60
input: 
[978, 968, 948, 938, 925, 923, 910, 904, 899, 861, 821, 788, 766, 763, 760, 754, 751, 748, 731, 714, 671, 668, 633, 596, 592, 583, 527, 509, 489, 479, 471, 468, 465, 457, 446, 441, 407, 403, 378, 364, 339, 338, 333, 325, 313, 305, 295, 274, 267, 206, 197, 136, 113, 102, 88, 81, 78, 27, 11, 2]
elapsed times: 
0.0006564999999998378
n= 120
input: 
[999, 995, 989, 973, 964, 958, 955, 947, 941, 929, 924, 923, 922, 920, 916, 905, 893, 885, 868, 863, 847, 844, 833, 822, 814, 810, 792, 764, 726, 721, 716, 708, 693, 669, 668, 655, 639, 636, 633, 630, 629, 620, 619, 608, 605, 595, 590, 588, 586, 573, 566, 556, 544, 537, 527, 515, 489, 487, 472, 465, 464, 460, 456, 454, 453, 443, 436, 424, 423, 415, 410, 399, 395, 383, 375, 369, 355, 342, 326, 320, 316, 306, 303, 299, 275, 256, 255, 242, 231, 225, 224, 223, 217, 203, 169, 157, 145, 144, 134, 133, 132, 129, 127, 126, 94, 88, 82, 79, 77, 72, 62, 56, 40, 38, 31, 21, 7, 5, 4, 2]
elapsed times: 
0.0012105999999998396
n= 240
input: 
[996, 994, 992, 982, 980, 977, 976, 973, 972, 963, 960, 955, 954, 951, 946, 945, 938, 934, 931, 924, 910, 907, 899, 896, 894, 893, 888, 874, 873, 869, 860, 854, 852, 850, 840, 839, 833, 829, 827, 822, 820, 815, 814, 810, 804, 803, 798, 787, 785, 776, 772, 770, 766, 765, 761, 758, 747, 739, 738, 737, 735, 731, 722, 721, 715, 714, 712, 708, 697, 694, 691, 690, 688, 686, 682, 677, 676, 675, 674, 673, 669, 666, 663, 660, 657, 653, 652, 651, 650, 649, 648, 647, 646, 643, 637, 630, 629, 628, 613, 610, 609, 608, 603, 585, 579, 575, 574, 566, 564, 560, 541, 535, 534, 530, 526, 523, 507, 500, 494, 492, 491, 486, 471, 463, 461, 460, 452, 447, 445, 440, 439, 436, 434, 433, 431, 428, 424, 420, 419, 416, 391, 377, 372, 370, 369, 368, 367, 358, 351, 350, 340, 335, 327, 325, 322, 315, 311, 310, 309, 301, 294, 288, 281, 279, 276, 273, 271, 265, 263, 254, 251, 245, 244, 237, 230, 229, 224, 222, 218, 214, 211, 208, 203, 201, 200, 195, 194, 187, 180, 178, 172, 168, 166, 165, 161, 159, 157, 156, 150, 148, 147, 141, 133, 117, 113, 111, 102, 99, 96, 89, 82, 80, 78, 76, 73, 71, 70, 67, 63, 61, 59, 58, 47, 46, 44, 43, 41, 38, 36, 35, 34, 21, 18, 17, 16, 14, 10, 5, 3, 2]
elapsed times: 
0.004200699999999724
n= 480
input: 
[999, 996, 995, 994, 991, 989, 988, 986, 981, 980, 974, 973, 972, 971, 970, 969, 968, 966, 961, 959, 954, 953, 952, 950, 947, 944, 941, 940, 938, 937, 934, 932, 930, 929, 926, 925, 924, 920, 918, 916, 914, 913, 905, 901, 893, 891, 890, 889, 880, 877, 876, 875, 872, 869, 868, 865, 863, 862, 861, 859, 858, 857, 856, 853, 852, 851, 848, 844, 843, 840, 839, 837, 836, 833, 832, 831, 828, 827, 825, 823, 820, 818, 816, 815, 813, 812, 810, 807, 805, 804, 802, 801, 800, 797, 795, 792, 791, 787, 784, 782, 781, 778, 777, 773, 772, 770, 768, 766, 764, 761, 760, 755, 753, 752, 750, 749, 748, 746, 745, 744, 741, 739, 737, 732, 731, 728, 727, 723, 722, 720, 716, 715, 714, 710, 706, 703, 700, 699, 698, 695, 693, 692, 685, 681, 678, 676, 675, 674, 671, 670, 667, 664, 663, 660, 658, 654, 651, 647, 646, 644, 643, 642, 641, 639, 634, 629, 625, 622, 621, 617, 616, 613, 610, 608, 606, 604, 600, 597, 596, 595, 593, 592, 591, 590, 589, 584, 582, 579, 578, 573, 572, 571, 570, 569, 568, 561, 560, 559, 556, 553, 551, 550, 549, 547, 545, 543, 542, 541, 540, 538, 537, 536, 535, 532, 528, 527, 525, 524, 522, 517, 514, 513, 512, 511, 509, 508, 507, 504, 503, 502, 498, 493, 492, 486, 483, 481, 479, 476, 475, 474, 473, 472, 471, 470, 466, 465, 464, 460, 459, 458, 454, 453, 451, 447, 446, 443, 442, 440, 438, 435, 434, 433, 429, 428, 423, 418, 417, 416, 414, 413, 411, 408, 405, 404, 403, 402, 399, 397, 396, 395, 394, 393, 390, 389, 387, 386, 380, 379, 378, 377, 376, 374, 372, 371, 367, 363, 360, 358, 356, 353, 350, 349, 347, 343, 341, 339, 336, 335, 334, 333, 331, 328, 327, 325, 323, 322, 320, 319, 317, 316, 315, 312, 311, 309, 308, 307, 306, 302, 300, 299, 298, 295, 293, 292, 291, 289, 286, 279, 277, 273, 272, 271, 268, 267, 266, 264, 260, 256, 255, 253, 251, 250, 249, 248, 247, 246, 244, 243, 240, 239, 238, 235, 233, 232, 228, 225, 222, 220, 215, 214, 213, 210, 209, 207, 205, 204, 203, 202, 199, 198, 197, 194, 193, 192, 186, 183, 181, 180, 179, 178, 177, 175, 173, 172, 171, 169, 168, 167, 166, 165, 164, 163, 158, 156, 155, 152, 151, 149, 148, 147, 146, 145, 139, 133, 132, 130, 129, 128, 125, 123, 121, 119, 116, 115, 114, 113, 112, 109, 108, 107, 105, 102, 95, 94, 92, 90, 89, 88, 86, 84, 81, 77, 74, 73, 72, 71, 70, 66, 65, 63, 58, 57, 55, 51, 48, 46, 45, 44, 43, 41, 34, 33, 32, 28, 27, 26, 25, 24, 23, 22, 21, 19, 17, 14, 11, 9, 8, 4, 2, 0]
elapsed times: 
0.018234899999999943
n= 960
input: 
[1000, 999, 997, 996, 995, 993, 992, 991, 990, 989, 988, 987, 986, 985, 984, 983, 982, 981, 980, 978, 977, 975, 974, 973, 972, 971, 970, 969, 968, 967, 966, 965, 964, 963, 962, 961, 960, 959, 957, 956, 955, 954, 953, 952, 951, 950, 949, 948, 947, 946, 945, 944, 943, 942, 941, 940, 939, 938, 937, 936, 935, 934, 932, 931, 930, 929, 928, 927, 926, 925, 924, 923, 922, 921, 920, 919, 918, 917, 916, 915, 914, 913, 912, 911, 909, 908, 907, 906, 905, 904, 903, 902, 901, 900, 899, 898, 897, 896, 895, 894, 893, 892, 891, 890, 889, 888, 887, 886, 885, 884, 883, 882, 881, 880, 879, 878, 877, 876, 875, 874, 873, 872, 871, 870, 869, 868, 867, 866, 864, 863, 862, 861, 860, 859, 858, 857, 856, 855, 854, 853, 852, 851, 850, 849, 848, 847, 846, 845, 844, 843, 842, 841, 840, 838, 837, 836, 835, 834, 833, 832, 831, 830, 829, 828, 827, 826, 825, 824, 823, 822, 821, 820, 819, 818, 817, 816, 815, 814, 813, 812, 811, 810, 809, 808, 807, 806, 805, 804, 803, 801, 800, 799, 798, 797, 796, 795, 794, 793, 792, 791, 790, 789, 788, 787, 786, 785, 784, 783, 782, 781, 780, 778, 777, 776, 775, 774, 773, 772, 771, 770, 769, 768, 767, 766, 765, 764, 763, 762, 761, 760, 759, 758, 757, 756, 755, 754, 753, 752, 751, 750, 749, 748, 747, 746, 745, 744, 743, 742, 741, 740, 739, 738, 737, 736, 735, 734, 733, 732, 731, 729, 728, 727, 726, 725, 724, 723, 722, 721, 720, 719, 718, 717, 716, 715, 714, 713, 712, 711, 710, 709, 708, 707, 706, 705, 704, 703, 702, 701, 700, 699, 698, 697, 696, 695, 694, 693, 692, 691, 690, 689, 688, 686, 685, 684, 683, 682, 681, 680, 679, 678, 677, 676, 675, 674, 673, 672, 671, 670, 669, 668, 667, 666, 665, 664, 662, 661, 660, 659, 658, 656, 655, 654, 652, 651, 650, 649, 648, 647, 646, 645, 644, 643, 642, 641, 640, 639, 638, 637, 636, 635, 634, 633, 632, 631, 630, 629, 628, 627, 626, 624, 623, 622, 621, 620, 619, 618, 617, 616, 615, 614, 613, 612, 611, 610, 609, 608, 607, 606, 605, 604, 603, 602, 601, 600, 599, 598, 597, 596, 595, 594, 593, 592, 591, 590, 589, 588, 587, 585, 584, 583, 582, 581, 580, 579, 578, 577, 576, 575, 574, 573, 572, 571, 570, 569, 568, 567, 566, 565, 563, 562, 561, 560, 559, 558, 557, 556, 555, 553, 552, 551, 550, 549, 548, 547, 546, 545, 544, 543, 541, 540, 539, 538, 537, 536, 535, 534, 533, 532, 531, 530, 529, 528, 527, 526, 525, 524, 523, 522, 521, 520, 519, 518, 517, 516, 515, 514, 513, 512, 511, 510, 509, 508, 507, 506, 505, 504, 503, 502, 501, 500, 499, 498, 497, 496, 495, 494, 493, 492, 491, 490, 489, 488, 487, 486, 485, 484, 483, 482, 481, 480, 479, 478, 477, 476, 475, 474, 473, 472, 471, 470, 469, 468, 467, 466, 465, 464, 463, 462, 461, 460, 459, 458, 457, 456, 455, 454, 453, 452, 451, 450, 449, 448, 447, 446, 445, 444, 443, 442, 441, 440, 439, 438, 437, 436, 435, 434, 433, 432, 431, 430, 429, 428, 427, 426, 425, 424, 423, 422, 421, 420, 419, 417, 416, 415, 414, 413, 412, 411, 410, 409, 408, 407, 406, 405, 404, 403, 402, 401, 400, 399, 398, 397, 396, 395, 393, 392, 391, 390, 389, 388, 387, 386, 385, 384, 383, 382, 381, 380, 379, 378, 377, 376, 375, 374, 373, 371, 370, 369, 368, 367, 366, 365, 364, 363, 362, 361, 360, 359, 358, 357, 356, 355, 354, 353, 352, 350, 349, 348, 347, 346, 345, 344, 343, 342, 340, 339, 338, 337, 336, 335, 334, 333, 332, 331, 330, 329, 328, 327, 326, 325, 324, 323, 322, 321, 320, 319, 318, 317, 316, 315, 314, 313, 312, 311, 310, 309, 308, 307, 306, 305, 304, 303, 302, 301, 300, 299, 298, 297, 295, 294, 293, 292, 291, 290, 289, 288, 287, 286, 285, 284, 283, 282, 281, 280, 278, 277, 276, 275, 274, 273, 272, 271, 270, 269, 267, 266, 263, 262, 261, 260, 259, 257, 256, 255, 254, 253, 252, 251, 250, 249, 248, 247, 246, 245, 244, 243, 242, 241, 240, 239, 238, 237, 236, 235, 234, 233, 232, 231, 230, 229, 228, 227, 226, 225, 224, 223, 222, 221, 220, 219, 218, 217, 216, 215, 214, 213, 212, 211, 210, 209, 208, 207, 206, 205, 204, 203, 202, 201, 200, 199, 198, 197, 196, 195, 194, 193, 192, 191, 190, 189, 188, 187, 186, 185, 184, 183, 182, 181, 180, 179, 178, 177, 176, 175, 173, 172, 171, 170, 169, 168, 167, 166, 165, 164, 163, 162, 160, 159, 157, 156, 155, 154, 153, 152, 151, 150, 149, 148, 147, 146, 144, 142, 141, 140, 138, 137, 136, 135, 134, 133, 132, 131, 130, 129, 128, 127, 126, 125, 124, 123, 122, 121, 120, 119, 118, 117, 116, 115, 114, 113, 112, 111, 110, 109, 108, 107, 106, 105, 104, 103, 102, 101, 100, 99, 98, 97, 96, 95, 94, 93, 92, 91, 90, 89, 88, 87, 86, 85, 84, 83, 82, 81, 80, 79, 77, 76, 75, 74, 73, 72, 71, 70, 69, 68, 67, 66, 65, 64, 63, 62, 61, 60, 58, 57, 56, 55, 54, 53, 52, 51, 50, 49, 48, 47, 46, 45, 44, 43, 42, 41, 40, 39, 38, 37, 36, 35, 34, 33, 32, 31, 30, 29, 28, 27, 26, 25, 24, 22, 21, 20, 19, 18, 17, 16, 15, 14, 13, 12, 11, 10, 9, 8, 7, 6, 5, 4, 3, 2, 1, 0]
elapsed times: 
0.08724569999999998
--------------------------------- BEST CASE ARRAY ---------------------------------

n= 60
input: 
[471, 11, 78, 81, 2, 88, 197, 27, 136, 267, 206, 274, 113, 295, 378, 102, 325, 338, 339, 313, 364, 441, 333, 407, 457, 446, 465, 403, 468, 751, 479, 509, 527, 305, 583, 668, 489, 633, 714, 671, 731, 596, 748, 861, 592, 760, 766, 788, 754, 821, 923, 904, 763, 910, 938, 925, 948, 899, 968, 978]
elapsed times: 
0.00010770000000004387
n= 120
input: 
[464, 4, 7, 21, 2, 31, 62, 5, 56, 77, 72, 79, 40, 82, 134, 38, 126, 129, 132, 94, 133, 157, 127, 145, 203, 169, 217, 144, 223, 355, 225, 242, 255, 88, 256, 306, 231, 303, 320, 316, 326, 299, 342, 415, 275, 375, 395, 399, 369, 410, 443, 424, 383, 436, 454, 453, 456, 423, 460, 708, 465, 487, 489, 224, 515, 556, 472, 544, 573, 566, 586, 537, 588, 630, 527, 605, 619, 620, 595, 629, 639, 608, 636, 668, 655, 669, 633, 693, 893, 590, 721, 764, 792, 716, 810, 844, 726, 833, 863, 847, 868, 822, 885, 929, 814, 916, 922, 923, 905, 924, 958, 947, 920, 955, 973, 964, 989, 941, 995, 999]
elapsed times: 
0.00026519999999985444
n= 240
input: 
[491, 3, 10, 14, 2, 16, 34, 5, 21, 36, 35, 38, 18, 41, 63, 17, 46, 58, 59, 44, 61, 71, 47, 70, 76, 73, 78, 67, 80, 157, 89, 99, 102, 43, 111, 141, 96, 133, 148, 147, 150, 117, 156, 178, 113, 161, 166, 168, 159, 172, 195, 187, 165, 194, 201, 200, 203, 180, 208, 335, 214, 222, 224, 82, 229, 245, 218, 244, 254, 251, 263, 237, 265, 301, 230, 276, 281, 288, 273, 294, 311, 279, 310, 322, 315, 325, 309, 327, 424, 271, 350, 358, 367, 340, 368, 377, 351, 372, 416, 391, 419, 370, 420, 440, 369, 431, 434, 436, 428, 439, 460, 447, 433, 452, 463, 461, 471, 445, 486, 731, 492, 500, 507, 211, 523, 535, 494, 534, 560, 541, 564, 530, 566, 610, 526, 579, 603, 608, 575, 609, 629, 585, 628, 637, 630, 643, 613, 646, 675, 648, 650, 651, 574, 652, 663, 649, 660, 669, 666, 673, 657, 674, 691, 653, 677, 686, 688, 676, 690, 712, 697, 682, 708, 715, 714, 721, 694, 722, 854, 735, 738, 739, 647, 747, 766, 737, 765, 772, 770, 776, 761, 785, 820, 758, 803, 810, 814, 798, 815, 833, 827, 804, 829, 840, 839, 850, 822, 852, 938, 787, 869, 874, 888, 860, 893, 907, 873, 899, 924, 910, 931, 896, 934, 963, 894, 946, 954, 955, 945, 960, 977, 973, 951, 976, 982, 980, 992, 972, 994, 996]
elapsed times: 
0.0006734999999999935
n= 480
input: 
[473, 2, 8, 9, 0, 11, 21, 4, 19, 23, 22, 24, 17, 25, 43, 14, 28, 33, 34, 27, 41, 46, 32, 45, 51, 48, 55, 44, 57, 89, 63, 66, 70, 26, 71, 77, 65, 74, 84, 81, 86, 73, 88, 107, 72, 92, 95, 102, 90, 105, 113, 109, 94, 112, 115, 114, 116, 108, 119, 175, 123, 128, 129, 58, 130, 145, 125, 139, 147, 146, 148, 133, 149, 165, 132, 155, 158, 163, 152, 164, 168, 156, 167, 171, 169, 172, 166, 173, 203, 151, 178, 180, 181, 177, 183, 194, 179, 193, 198, 197, 199, 192, 202, 214, 186, 205, 209, 210, 204, 213, 225, 220, 207, 222, 232, 228, 233, 215, 235, 349, 239, 243, 244, 121, 246, 250, 240, 249, 253, 251, 255, 248, 256, 273, 247, 266, 268, 271, 264, 272, 286, 267, 279, 291, 289, 292, 277, 293, 319, 298, 300, 302, 260, 306, 311, 299, 309, 315, 312, 316, 308, 317, 331, 307, 322, 325, 327, 320, 328, 336, 334, 323, 335, 341, 339, 343, 333, 347, 408, 350, 356, 358, 295, 360, 372, 353, 371, 376, 374, 377, 367, 378, 394, 363, 386, 389, 390, 380, 393, 399, 396, 387, 397, 403, 402, 404, 395, 405, 442, 379, 413, 416, 417, 411, 418, 433, 414, 429, 435, 434, 438, 428, 440, 458, 423, 446, 451, 453, 443, 454, 465, 460, 447, 464, 470, 466, 471, 459, 472, 739, 474, 476, 479, 238, 481, 493, 475, 492, 502, 498, 503, 486, 504, 517, 483, 509, 512, 513, 508, 514, 525, 511, 524, 528, 527, 532, 522, 535, 559, 537, 540, 541, 507, 542, 549, 538, 547, 551, 550, 553, 545, 556, 572, 543, 561, 569, 570, 560, 571, 582, 578, 568, 579, 589, 584, 590, 573, 591, 663, 593, 596, 597, 536, 600, 610, 595, 608, 616, 613, 617, 606, 621, 643, 604, 629, 639, 641, 625, 642, 647, 634, 646, 654, 651, 658, 644, 660, 699, 622, 667, 671, 674, 664, 675, 685, 670, 681, 693, 692, 695, 678, 698, 716, 676, 703, 710, 714, 700, 715, 727, 722, 706, 723, 731, 728, 732, 720, 737, 857, 741, 745, 746, 592, 748, 753, 744, 752, 760, 755, 761, 750, 764, 781, 749, 770, 773, 777, 768, 778, 787, 772, 784, 792, 791, 795, 782, 797, 827, 766, 802, 805, 807, 801, 810, 816, 804, 815, 820, 818, 823, 813, 825, 839, 812, 831, 833, 836, 828, 837, 848, 843, 832, 844, 852, 851, 853, 840, 856, 932, 858, 861, 862, 800, 863, 872, 859, 869, 876, 875, 877, 868, 880, 914, 865, 891, 901, 905, 890, 913, 924, 918, 893, 920, 926, 925, 929, 916, 930, 968, 889, 937, 940, 941, 934, 944, 953, 938, 952, 959, 954, 961, 950, 966, 980, 947, 970, 972, 973, 969, 974, 989, 986, 971, 988, 994, 991, 995, 981, 996, 999]
elapsed times: 
0.0017100999999999367
n= 960
input: 
[499, 1, 3, 4, 0, 5, 9, 2, 8, 11, 10, 12, 7, 13, 21, 6, 16, 18, 19, 15, 20, 25, 17, 24, 27, 26, 28, 22, 29, 44, 31, 33, 34, 14, 35, 39, 32, 38, 41, 40, 42, 37, 43, 51, 36, 46, 48, 49, 45, 50, 55, 53, 47, 54, 57, 56, 58, 52, 60, 91, 62, 64, 65, 30, 66, 70, 63, 69, 72, 71, 73, 68, 74, 83, 67, 77, 80, 81, 76, 82, 86, 79, 85, 88, 87, 89, 84, 90, 106, 75, 93, 95, 96, 92, 97, 101, 94, 100, 103, 102, 104, 99, 105, 113, 98, 108, 110, 111, 107, 112, 117, 115, 109, 116, 119, 118, 120, 114, 121, 187, 123, 125, 126, 61, 127, 131, 124, 130, 133, 132, 134, 129, 135, 146, 128, 138, 141, 142, 137, 144, 149, 140, 148, 151, 150, 152, 147, 153, 170, 155, 157, 159, 136, 160, 165, 156, 164, 167, 166, 168, 163, 169, 178, 162, 172, 175, 176, 171, 177, 182, 180, 173, 181, 184, 183, 185, 179, 186, 217, 188, 190, 191, 154, 192, 196, 189, 195, 198, 197, 199, 194, 200, 208, 193, 203, 205, 206, 202, 207, 212, 210, 204, 211, 214, 213, 215, 209, 216, 232, 201, 219, 221, 222, 218, 223, 227, 220, 226, 229, 228, 230, 225, 231, 239, 224, 234, 236, 237, 233, 238, 243, 241, 235, 242, 245, 244, 246, 240, 247, 376, 249, 251, 252, 122, 253, 257, 250, 256, 260, 259, 261, 255, 262, 273, 254, 267, 270, 271, 266, 272, 276, 269, 275, 278, 277, 280, 274, 281, 297, 283, 285, 286, 263, 287, 291, 284, 290, 293, 292, 294, 289, 295, 304, 288, 299, 301, 302, 298, 303, 308, 306, 300, 307, 310, 309, 311, 305, 312, 343, 314, 316, 317, 282, 318, 322, 315, 321, 324, 323, 325, 320, 326, 334, 319, 329, 331, 332, 328, 333, 337, 330, 336, 339, 338, 340, 335, 342, 359, 327, 345, 347, 348, 344, 349, 354, 346, 353, 356, 355, 357, 352, 358, 366, 350, 361, 363, 364, 360, 365, 370, 368, 362, 369, 373, 371, 374, 367, 375, 438, 377, 379, 380, 313, 381, 385, 378, 384, 387, 386, 388, 383, 389, 398, 382, 392, 395, 396, 391, 397, 401, 393, 400, 403, 402, 404, 399, 405, 422, 390, 408, 410, 411, 407, 412, 416, 409, 415, 419, 417, 420, 414, 421, 429, 413, 424, 426, 427, 423, 428, 433, 431, 425, 432, 435, 434, 436, 430, 437, 468, 439, 441, 442, 406, 443, 447, 440, 446, 449, 448, 450, 445, 451, 459, 444, 454, 456, 457, 453, 458, 463, 461, 455, 462, 465, 464, 466, 460, 467, 483, 452, 470, 472, 473, 469, 474, 478, 471, 477, 480, 479, 481, 476, 482, 490, 475, 485, 487, 488, 484, 489, 494, 492, 486, 493, 496, 495, 497, 491, 498, 748, 500, 502, 503, 248, 504, 508, 501, 507, 510, 509, 511, 506, 512, 520, 505, 515, 517, 518, 514, 519, 523, 516, 522, 525, 524, 526, 521, 527, 543, 529, 531, 532, 513, 533, 537, 530, 536, 539, 538, 540, 535, 541, 550, 534, 545, 547, 548, 544, 549, 555, 552, 546, 553, 557, 556, 558, 551, 559, 591, 561, 563, 565, 528, 566, 570, 562, 569, 572, 571, 573, 568, 574, 582, 567, 577, 579, 580, 576, 581, 585, 578, 584, 588, 587, 589, 583, 590, 606, 575, 593, 595, 596, 592, 597, 601, 594, 600, 603, 602, 604, 599, 605, 613, 598, 608, 610, 611, 607, 612, 617, 615, 609, 616, 619, 618, 620, 614, 621, 685, 623, 626, 627, 560, 628, 632, 624, 631, 634, 633, 635, 630, 636, 644, 629, 639, 641, 642, 638, 643, 647, 640, 646, 649, 648, 650, 645, 651, 669, 654, 656, 658, 637, 659, 664, 655, 662, 666, 665, 667, 661, 668, 676, 660, 671, 673, 674, 670, 675, 680, 678, 672, 679, 682, 681, 683, 677, 684, 716, 686, 689, 690, 652, 691, 695, 688, 694, 697, 696, 698, 693, 699, 707, 692, 702, 704, 705, 701, 706, 711, 709, 703, 710, 713, 712, 714, 708, 715, 732, 700, 718, 720, 721, 717, 722, 726, 719, 725, 728, 727, 729, 724, 731, 739, 723, 734, 736, 737, 733, 738, 743, 741, 735, 742, 745, 744, 746, 740, 747, 872, 749, 751, 752, 622, 753, 757, 750, 756, 759, 758, 760, 755, 761, 769, 754, 764, 766, 767, 763, 768, 772, 765, 771, 774, 773, 775, 770, 776, 792, 778, 781, 782, 762, 783, 787, 780, 786, 789, 788, 790, 785, 791, 799, 784, 794, 796, 797, 793, 798, 804, 801, 795, 803, 806, 805, 807, 800, 808, 840, 810, 812, 813, 777, 814, 818, 811, 817, 820, 819, 821, 816, 822, 830, 815, 825, 827, 828, 824, 829, 834, 832, 826, 833, 836, 835, 837, 831, 838, 855, 823, 842, 844, 845, 841, 846, 850, 843, 849, 852, 851, 853, 848, 854, 862, 847, 857, 859, 860, 856, 861, 867, 864, 858, 866, 869, 868, 870, 863, 871, 934, 873, 875, 876, 809, 877, 881, 874, 880, 883, 882, 884, 879, 885, 893, 878, 888, 890, 891, 887, 892, 896, 889, 895, 898, 897, 899, 894, 900, 917, 886, 903, 905, 906, 902, 907, 912, 904, 911, 914, 913, 915, 909, 916, 924, 908, 919, 921, 922, 918, 923, 928, 926, 920, 927, 930, 929, 931, 925, 932, 965, 935, 937, 938, 901, 939, 943, 936, 942, 945, 944, 946, 941, 947, 955, 940, 950, 952, 953, 949, 954, 960, 957, 951, 959, 962, 961, 963, 956, 964, 982, 948, 967, 969, 970, 966, 971, 975, 968, 974, 978, 977, 980, 973, 981, 989, 972, 984, 986, 987, 983, 988, 993, 991, 985, 992, 996, 995, 997, 990, 999, 1000]
elapsed times: 
0.004300499999999818
---------------------------------DUPLICATE ARRAY ---------------------------------

n= 60
input: 
[1, 1, 1, 1, 1, 1, 1, 1, 1, 1, 1, 1, 1, 1, 1, 1, 1, 1, 1, 1, 1, 1, 1, 1, 1, 1, 1, 1, 1, 1, 1, 1, 1, 1, 1, 1, 1, 1, 1, 1, 1, 1, 1, 1, 1, 1, 1, 1, 1, 1, 1, 1, 1, 1, 1, 1, 1, 1, 1, 1]
elapsed times: 
0.0003933000000002629
n= 120
input: 
[1, 1, 1, 1, 1, 1, 1, 1, 1, 1, 1, 1, 1, 1, 1, 1, 1, 1, 1, 1, 1, 1, 1, 1, 1, 1, 1, 1, 1, 1, 1, 1, 1, 1, 1, 1, 1, 1, 1, 1, 1, 1, 1, 1, 1, 1, 1, 1, 1, 1, 1, 1, 1, 1, 1, 1, 1, 1, 1, 1, 1, 1, 1, 1, 1, 1, 1, 1, 1, 1, 1, 1, 1, 1, 1, 1, 1, 1, 1, 1, 1, 1, 1, 1, 1, 1, 1, 1, 1, 1, 1, 1, 1, 1, 1, 1, 1, 1, 1, 1, 1, 1, 1, 1, 1, 1, 1, 1, 1, 1, 1, 1, 1, 1, 1, 1, 1, 1, 1, 1]
elapsed times: 
0.0014018000000000086
n= 240
input: 
[1, 1, 1, 1, 1, 1, 1, 1, 1, 1, 1, 1, 1, 1, 1, 1, 1, 1, 1, 1, 1, 1, 1, 1, 1, 1, 1, 1, 1, 1, 1, 1, 1, 1, 1, 1, 1, 1, 1, 1, 1, 1, 1, 1, 1, 1, 1, 1, 1, 1, 1, 1, 1, 1, 1, 1, 1, 1, 1, 1, 1, 1, 1, 1, 1, 1, 1, 1, 1, 1, 1, 1, 1, 1, 1, 1, 1, 1, 1, 1, 1, 1, 1, 1, 1, 1, 1, 1, 1, 1, 1, 1, 1, 1, 1, 1, 1, 1, 1, 1, 1, 1, 1, 1, 1, 1, 1, 1, 1, 1, 1, 1, 1, 1, 1, 1, 1, 1, 1, 1, 1, 1, 1, 1, 1, 1, 1, 1, 1, 1, 1, 1, 1, 1, 1, 1, 1, 1, 1, 1, 1, 1, 1, 1, 1, 1, 1, 1, 1, 1, 1, 1, 1, 1, 1, 1, 1, 1, 1, 1, 1, 1, 1, 1, 1, 1, 1, 1, 1, 1, 1, 1, 1, 1, 1, 1, 1, 1, 1, 1, 1, 1, 1, 1, 1, 1, 1, 1, 1, 1, 1, 1, 1, 1, 1, 1, 1, 1, 1, 1, 1, 1, 1, 1, 1, 1, 1, 1, 1, 1, 1, 1, 1, 1, 1, 1, 1, 1, 1, 1, 1, 1, 1, 1, 1, 1, 1, 1, 1, 1, 1, 1, 1, 1, 1, 1, 1, 1, 1, 1]
elapsed times: 
0.005415900000000029
n= 480
input: 
[1, 1, 1, 1, 1, 1, 1, 1, 1, 1, 1, 1, 1, 1, 1, 1, 1, 1, 1, 1, 1, 1, 1, 1, 1, 1, 1, 1, 1, 1, 1, 1, 1, 1, 1, 1, 1, 1, 1, 1, 1, 1, 1, 1, 1, 1, 1, 1, 1, 1, 1, 1, 1, 1, 1, 1, 1, 1, 1, 1, 1, 1, 1, 1, 1, 1, 1, 1, 1, 1, 1, 1, 1, 1, 1, 1, 1, 1, 1, 1, 1, 1, 1, 1, 1, 1, 1, 1, 1, 1, 1, 1, 1, 1, 1, 1, 1, 1, 1, 1, 1, 1, 1, 1, 1, 1, 1, 1, 1, 1, 1, 1, 1, 1, 1, 1, 1, 1, 1, 1, 1, 1, 1, 1, 1, 1, 1, 1, 1, 1, 1, 1, 1, 1, 1, 1, 1, 1, 1, 1, 1, 1, 1, 1, 1, 1, 1, 1, 1, 1, 1, 1, 1, 1, 1, 1, 1, 1, 1, 1, 1, 1, 1, 1, 1, 1, 1, 1, 1, 1, 1, 1, 1, 1, 1, 1, 1, 1, 1, 1, 1, 1, 1, 1, 1, 1, 1, 1, 1, 1, 1, 1, 1, 1, 1, 1, 1, 1, 1, 1, 1, 1, 1, 1, 1, 1, 1, 1, 1, 1, 1, 1, 1, 1, 1, 1, 1, 1, 1, 1, 1, 1, 1, 1, 1, 1, 1, 1, 1, 1, 1, 1, 1, 1, 1, 1, 1, 1, 1, 1, 1, 1, 1, 1, 1, 1, 1, 1, 1, 1, 1, 1, 1, 1, 1, 1, 1, 1, 1, 1, 1, 1, 1, 1, 1, 1, 1, 1, 1, 1, 1, 1, 1, 1, 1, 1, 1, 1, 1, 1, 1, 1, 1, 1, 1, 1, 1, 1, 1, 1, 1, 1, 1, 1, 1, 1, 1, 1, 1, 1, 1, 1, 1, 1, 1, 1, 1, 1, 1, 1, 1, 1, 1, 1, 1, 1, 1, 1, 1, 1, 1, 1, 1, 1, 1, 1, 1, 1, 1, 1, 1, 1, 1, 1, 1, 1, 1, 1, 1, 1, 1, 1, 1, 1, 1, 1, 1, 1, 1, 1, 1, 1, 1, 1, 1, 1, 1, 1, 1, 1, 1, 1, 1, 1, 1, 1, 1, 1, 1, 1, 1, 1, 1, 1, 1, 1, 1, 1, 1, 1, 1, 1, 1, 1, 1, 1, 1, 1, 1, 1, 1, 1, 1, 1, 1, 1, 1, 1, 1, 1, 1, 1, 1, 1, 1, 1, 1, 1, 1, 1, 1, 1, 1, 1, 1, 1, 1, 1, 1, 1, 1, 1, 1, 1, 1, 1, 1, 1, 1, 1, 1, 1, 1, 1, 1, 1, 1, 1, 1, 1, 1, 1, 1, 1, 1, 1, 1, 1, 1, 1, 1, 1, 1, 1, 1, 1, 1, 1, 1, 1, 1, 1, 1, 1, 1, 1, 1, 1, 1, 1, 1, 1, 1, 1, 1, 1, 1, 1, 1, 1]
elapsed times: 
0.022575400000000023
n= 960
input: 
[1, 1, 1, 1, 1, 1, 1, 1, 1, 1, 1, 1, 1, 1, 1, 1, 1, 1, 1, 1, 1, 1, 1, 1, 1, 1, 1, 1, 1, 1, 1, 1, 1, 1, 1, 1, 1, 1, 1, 1, 1, 1, 1, 1, 1, 1, 1, 1, 1, 1, 1, 1, 1, 1, 1, 1, 1, 1, 1, 1, 1, 1, 1, 1, 1, 1, 1, 1, 1, 1, 1, 1, 1, 1, 1, 1, 1, 1, 1, 1, 1, 1, 1, 1, 1, 1, 1, 1, 1, 1, 1, 1, 1, 1, 1, 1, 1, 1, 1, 1, 1, 1, 1, 1, 1, 1, 1, 1, 1, 1, 1, 1, 1, 1, 1, 1, 1, 1, 1, 1, 1, 1, 1, 1, 1, 1, 1, 1, 1, 1, 1, 1, 1, 1, 1, 1, 1, 1, 1, 1, 1, 1, 1, 1, 1, 1, 1, 1, 1, 1, 1, 1, 1, 1, 1, 1, 1, 1, 1, 1, 1, 1, 1, 1, 1, 1, 1, 1, 1, 1, 1, 1, 1, 1, 1, 1, 1, 1, 1, 1, 1, 1, 1, 1, 1, 1, 1, 1, 1, 1, 1, 1, 1, 1, 1, 1, 1, 1, 1, 1, 1, 1, 1, 1, 1, 1, 1, 1, 1, 1, 1, 1, 1, 1, 1, 1, 1, 1, 1, 1, 1, 1, 1, 1, 1, 1, 1, 1, 1, 1, 1, 1, 1, 1, 1, 1, 1, 1, 1, 1, 1, 1, 1, 1, 1, 1, 1, 1, 1, 1, 1, 1, 1, 1, 1, 1, 1, 1, 1, 1, 1, 1, 1, 1, 1, 1, 1, 1, 1, 1, 1, 1, 1, 1, 1, 1, 1, 1, 1, 1, 1, 1, 1, 1, 1, 1, 1, 1, 1, 1, 1, 1, 1, 1, 1, 1, 1, 1, 1, 1, 1, 1, 1, 1, 1, 1, 1, 1, 1, 1, 1, 1, 1, 1, 1, 1, 1, 1, 1, 1, 1, 1, 1, 1, 1, 1, 1, 1, 1, 1, 1, 1, 1, 1, 1, 1, 1, 1, 1, 1, 1, 1, 1, 1, 1, 1, 1, 1, 1, 1, 1, 1, 1, 1, 1, 1, 1, 1, 1, 1, 1, 1, 1, 1, 1, 1, 1, 1, 1, 1, 1, 1, 1, 1, 1, 1, 1, 1, 1, 1, 1, 1, 1, 1, 1, 1, 1, 1, 1, 1, 1, 1, 1, 1, 1, 1, 1, 1, 1, 1, 1, 1, 1, 1, 1, 1, 1, 1, 1, 1, 1, 1, 1, 1, 1, 1, 1, 1, 1, 1, 1, 1, 1, 1, 1, 1, 1, 1, 1, 1, 1, 1, 1, 1, 1, 1, 1, 1, 1, 1, 1, 1, 1, 1, 1, 1, 1, 1, 1, 1, 1, 1, 1, 1, 1, 1, 1, 1, 1, 1, 1, 1, 1, 1, 1, 1, 1, 1, 1, 1, 1, 1, 1, 1, 1, 1, 1, 1, 1, 1, 1, 1, 1, 1, 1, 1, 1, 1, 1, 1, 1, 1, 1, 1, 1, 1, 1, 1, 1, 1, 1, 1, 1, 1, 1, 1, 1, 1, 1, 1, 1, 1, 1, 1, 1, 1, 1, 1, 1, 1, 1, 1, 1, 1, 1, 1, 1, 1, 1, 1, 1, 1, 1, 1, 1, 1, 1, 1, 1, 1, 1, 1, 1, 1, 1, 1, 1, 1, 1, 1, 1, 1, 1, 1, 1, 1, 1, 1, 1, 1, 1, 1, 1, 1, 1, 1, 1, 1, 1, 1, 1, 1, 1, 1, 1, 1, 1, 1, 1, 1, 1, 1, 1, 1, 1, 1, 1, 1, 1, 1, 1, 1, 1, 1, 1, 1, 1, 1, 1, 1, 1, 1, 1, 1, 1, 1, 1, 1, 1, 1, 1, 1, 1, 1, 1, 1, 1, 1, 1, 1, 1, 1, 1, 1, 1, 1, 1, 1, 1, 1, 1, 1, 1, 1, 1, 1, 1, 1, 1, 1, 1, 1, 1, 1, 1, 1, 1, 1, 1, 1, 1, 1, 1, 1, 1, 1, 1, 1, 1, 1, 1, 1, 1, 1, 1, 1, 1, 1, 1, 1, 1, 1, 1, 1, 1, 1, 1, 1, 1, 1, 1, 1, 1, 1, 1, 1, 1, 1, 1, 1, 1, 1, 1, 1, 1, 1, 1, 1, 1, 1, 1, 1, 1, 1, 1, 1, 1, 1, 1, 1, 1, 1, 1, 1, 1, 1, 1, 1, 1, 1, 1, 1, 1, 1, 1, 1, 1, 1, 1, 1, 1, 1, 1, 1, 1, 1, 1, 1, 1, 1, 1, 1, 1, 1, 1, 1, 1, 1, 1, 1, 1, 1, 1, 1, 1, 1, 1, 1, 1, 1, 1, 1, 1, 1, 1, 1, 1, 1, 1, 1, 1, 1, 1, 1, 1, 1, 1, 1, 1, 1, 1, 1, 1, 1, 1, 1, 1, 1, 1, 1, 1, 1, 1, 1, 1, 1, 1, 1, 1, 1, 1, 1, 1, 1, 1, 1, 1, 1, 1, 1, 1, 1, 1, 1, 1, 1, 1, 1, 1, 1, 1, 1, 1, 1, 1, 1, 1, 1, 1, 1, 1, 1, 1, 1, 1, 1, 1, 1, 1, 1, 1, 1, 1, 1, 1, 1, 1, 1, 1, 1, 1, 1, 1, 1, 1, 1, 1, 1, 1, 1, 1, 1, 1, 1, 1, 1, 1, 1, 1, 1, 1, 1, 1, 1, 1, 1, 1, 1, 1, 1, 1, 1, 1, 1, 1, 1, 1, 1, 1, 1, 1, 1, 1, 1, 1, 1, 1, 1, 1, 1, 1, 1, 1, 1, 1, 1, 1, 1, 1, 1, 1, 1, 1, 1, 1, 1, 1, 1, 1, 1, 1, 1, 1, 1, 1, 1, 1, 1, 1, 1, 1, 1, 1, 1, 1, 1, 1, 1, 1, 1, 1, 1, 1, 1, 1, 1, 1, 1, 1, 1, 1, 1, 1, 1, 1, 1, 1, 1, 1, 1]
elapsed times: 
0.11963849999999976
--------------------------------- AVERAGE ---------------------------------

Average when k:3
elapsed times: 
[0.00010015999999986036, 0.0003200599999998666, 0.0008280199999998849, 0.0028126199999999103, 0.005523759999999811]